INFO - Bubble Sort - Running command 'bubbleSort'
INFO - Bubble Sort - Started run with ID "512"


Bubble Sort Test Experiment is running for 1 seconds!


Algorithm still working fine

Loss function:96

Algorithm still working fine

Loss function:93

Algorithm still working fine

Loss function:91

Algorithm still working fine

Loss function:90

[[435, 1239, 1728, 1965, 5707, 5878, 6874, 7021, 7497, 8227, 8461, 9220, 11707, 12281, 12604, 13689, 14445, 14454, 14556, 15177, 15289, 16834, 21188, 21532, 22716, 23553, 24633, 25471, 26943, 27204, 27252, 27371, 28234, 30091, 30984, 31105, 31117, 31323, 32258, 32548, 32695, 32839, 34059, 34447, 34903, 35239, 35253, 36067, 36152, 37182, 38975, 40007, 40699, 40927, 47631, 48966, 49368, 50132, 51827, 51980, 52731, 52958, 54117, 54447, 54867, 55128, 55582, 56303, 56447, 57179, 60746, 61781, 62900, 63012, 63911, 64345, 64740, 64983, 65801, 66974, 67939, 67997, 68060, 68311, 69111, 70607, 71234, 72297, 74371, 74749, 75604, 78193, 78247, 78848, 79485, 79878, 80797, 81260, 82194, 82262, 83064, 83907, 84373, 84576, 85261, 87230, 87562, 90867, 91793, 91973, 92492, 94175, 94358, 94994, 95889, 96205, 97388, 97627, 98936, 100188, 101395, 102884, 103432, 103477, 103878, 103897, 109739, 111480, 111559, 113899, 113963, 114364, 114911, 115115, 116537, 117712, 119332, 119975, 120617, 120644, 121142, 122596, 123256, 126561, 127833, 128592, 132086, 134620, 136013, 136408, 136907, 138131, 140968, 142338, 143458, 143748, 144136, 145175, 145575, 145922, 146926, 147946, 148063, 150347, 154312, 154744, 154835, 155514, 156760, 157406, 157767, 158032, 158639, 159226, 166189, 166192, 167683, 168669, 168726, 170222, 170891, 170973, 172228, 172775, 174121, 174823, 178499, 178601, 179237, 179746, 180835, 182298, 182451, 184195, 184629, 184691, 185600, 187768, 188033, 189832, 192082, 192280, 193897, 197551, 197640, 197989, 198404, 199749, 200102, 200725, 202887, 205319, 205397, 206292, 207518, 207735, 207812, 208365, 208403, 208518, 209959, 210494, 211117, 214595, 214728, 214946, 215250, 216847, 217508, 217666, 219205, 220111, 220885, 221072, 222199, 223544, 224471, 225115, 226347, 228606, 230847, 230928, 231129, 231601, 232245, 232760, 234789, 236540, 238273, 239618, 239905, 240431, 241445, 241543, 244389, 245339, 245653, 245664, 247141, 247188, 248287, 249710, 250115, 250296, 250342, 250540, 250713, 251952, 252992, 254635, 258253, 259814, 259924, 260864, 261248, 262174, 265673, 266311, 268981, 269886, 270040, 270494, 270614, 271100, 272387, 272802, 272908, 273645, 274674, 276147, 276615, 278178, 279236, 279407, 283983, 284505, 284921, 285285, 285378, 285673, 287015, 288335, 288540, 290499, 291284, 292288, 295222, 297748, 298150, 299203, 299845, 299901, 300797, 301635, 301932, 302555, 302963, 304058, 304128, 305282, 306462, 306483, 307927, 308197, 308941, 308975, 310451, 313693, 314170, 315086, 315305, 316513, 316950, 317114, 317122, 318138, 319109, 319575, 321053, 322085, 322475, 323622, 328366, 328460, 329814, 334182, 334635, 335740, 336097, 336480, 337005, 337050, 339248, 340819, 341494, 343243, 344383, 344858, 346193, 346384, 346775, 348374, 349784, 349979, 350402, 351349, 351372, 351568, 353461, 354055, 354571, 354663, 358235, 358559, 359665, 359722, 360152, 361365, 364153, 364387, 365308, 367895, 368532, 369381, 373247, 373710, 374530, 375198, 375289, 375423, 375803, 375866, 375999, 378539, 379493, 380101, 380177, 380297, 380444, 381834, 382298, 383725, 386260, 386424, 387174, 387769, 390188, 392905, 393245, 395835, 396409, 396663, 396946, 397191, 397894, 400860, 402527, 402625, 405924, 406446, 407761, 409326, 409786, 410865, 411231, 412490, 413567, 414866, 416842, 417098, 418119, 420459, 422075, 423809, 424205, 426192, 427482, 427874, 429872, 429982, 431590, 433376, 433557, 435435, 435509, 437943, 439616, 441302, 443903, 444064, 444235, 444297, 444678, 445690, 446035, 446048, 447917, 448482, 448905, 449028, 450919, 451360, 452465, 452499, 453097, 457568, 457755, 459090, 462645, 463695, 463946, 466120, 466365, 466410, 466790, 468972, 469181, 469677, 469826, 469985, 470675, 470913, 472711, 473601, 473670, 474710, 475076, 475746, 477426, 478749, 480077, 486644, 487036, 487168, 488459, 489562, 491872, 492438, 493887, 495312, 496992, 497013, 498593, 500352, 501005, 503002, 503751, 504021, 505645, 507675, 507943, 507978, 509057, 509832, 510017, 511967, 513768, 514125, 514857, 515456, 517418, 518672, 521240, 521525, 521709, 522612, 522781, 523698, 525319, 527209, 527837, 528909, 529357, 531974, 533176, 533601, 533778, 534653, 536227, 537452, 537810, 539158, 539331, 539756, 540100, 541290, 541812, 542951, 543999, 545288, 545312, 545407, 546395, 546556, 546590, 546924, 547961, 548333, 549284, 550621, 550828, 551580, 551854, 552497, 552546, 555612, 555636, 557013, 557068, 557666, 558214, 558277, 559033, 560164, 561119, 563330, 563542, 563821, 566241, 566459, 568545, 570102, 571296, 571609, 572693, 573780, 574629, 574748, 575042, 575241, 575861, 576704, 577919, 578121, 578242, 578405, 579845, 582081, 583087, 583608, 583765, 585052, 589957, 591563, 592122, 593842, 594559, 594819, 595493, 598310, 598401, 600303, 601546, 602116, 602813, 603058, 604288, 604306, 606405, 606534, 608033, 610283, 611086, 611628, 612298, 612556, 613080, 614545, 616935, 617377, 617735, 618076, 619332, 619770, 620277, 620985, 621229, 621744, 622176, 622995, 623412, 623419, 625075, 630443, 630493, 631472, 633520, 634166, 634326, 635291, 635399, 635820, 636889, 636965, 637850, 637893, 639016, 639442, 640937, 641602, 643508, 643655, 646504, 647348, 649978, 650823, 651819, 653540, 657582, 657759, 658499, 660585, 660964, 661290, 661397, 661576, 662295, 662327, 663830, 664077, 665348, 666955, 669854, 670282, 670677, 670822, 671918, 672383, 672656, 672937, 673956, 674250, 674257, 674777, 675008, 675477, 675507, 675661, 676358, 677104, 677641, 677780, 678801, 679658, 680698, 681404, 681580, 681650, 683835, 684044, 687474, 688079, 689991, 694720, 695125, 696731, 697201, 697555, 697601, 700705, 703152, 706394, 708666, 708735, 710274, 710999, 711203, 711782, 711962, 712049, 713159, 714847, 715674, 715729, 717688, 718508, 719341, 719601, 720228, 720262, 721225, 722467, 722883, 724756, 724899, 725684, 726328, 727254, 727575, 728768, 729798, 731399, 731797, 733237, 735098, 738832, 739358, 740676, 741361, 741605, 741643, 741727, 743917, 746057, 746551, 747081, 748382, 748657, 749158, 751380, 754234, 756466, 756653, 757204, 757729, 758690, 759624, 762245, 762767, 764992, 766436, 768353, 769999, 771211, 772428, 772519, 773418, 774024, 774632, 775863, 776175, 776307, 776546, 777807, 778548, 778751, 779002, 780830, 780948, 781517, 785309, 785868, 786187, 786458, 788486, 788961, 791648, 792358, 792828, 793147, 795942, 797244, 797730, 800076, 800949, 801576, 803264, 805386, 806795, 807232, 807379, 808668, 809714, 810226, 811685, 811719, 812310, 813030, 814092, 815145, 815256, 815429, 815758, 816380, 817163, 817306, 817457, 818210, 818363, 819758, 820053, 820400, 820898, 821963, 823437, 823449, 823732, 826444, 827602, 828089, 828572, 833282, 833580, 834507, 835761, 837568, 837796, 837938, 838355, 840582, 843194, 843603, 843708, 843977, 845440, 846655, 847784, 848783, 849208, 854049, 854236, 855257, 858609, 859301, 859853, 860153, 860509, 861798, 862954, 863520, 865264, 866295, 867790, 868333, 868713, 869844, 875618, 875844, 876588, 876889, 877570, 877581, 879115, 879906, 880580, 881289, 881744, 882410, 884376, 885663, 885917, 887491, 889987, 890159, 892139, 892368, 895070, 895283, 895434, 895617, 896832, 896958, 898427, 899422, 900880, 901667, 902070, 902517, 902996, 904441, 904451, 905003, 905029, 907028, 907259, 908880, 911676, 912427, 913877, 914284, 914843, 920617, 921200, 921596, 921614, 921637, 925704, 926454, 927698, 927940, 928431, 929185, 930306, 930438, 931048, 934455, 935109, 936023, 936087, 936711, 938150, 938558, 942172, 945600, 945858, 946690, 948093, 948395, 953425, 955787, 955846, 956652, 958144, 959059, 960075, 960500, 960682, 960991, 963704, 968998, 969108, 970727, 971261, 971824, 976040, 977105, 977590, 979554, 981388, 982991, 983176, 985247, 985258, 985277, 985583, 985803, 986131, 987308, 987995, 988484, 988722, 990833, 990870, 993241, 994121, 994152, 995315, 997000, 997282, 998877]]


Experiment: Bubble Sort Test Experiment

2
 cd /home/julius/Dokumente/Uni/HPI/Jobs/GFZ/SacredTest && python bubble.py bubblesort_input_dataset.csv reversed 
{'name': 'array_file_path', 'value': 'bubblesort_input_dataset.csv'}
INFO - Bubble Sort - Completed after 0:00:01
