INFO - Bubble Sort - Running command 'bubbleSort'
INFO - Bubble Sort - Started run with ID "519"


Bubble Sort Test Experiment is running for 3 seconds!


Algorithm still working fine
Loss function:96
Algorithm still working fine
Loss function:93
Algorithm still working fine
Loss function:91
Algorithm still working fine
Loss function:90
[[1006, 2558, 5983, 6094, 6517, 6637, 7047, 7517, 8779, 8955, 12732, 15254, 15613, 15639, 16475, 16527, 16634, 16812, 17107, 17952, 18170, 20980, 21558, 22068, 22869, 23994, 24694, 26053, 26160, 26500, 26592, 27030, 27101, 27230, 27418, 28269, 29198, 30843, 31243, 32157, 33397, 34121, 34657, 35429, 36648, 38148, 38664, 39842, 40766, 42729, 43515, 44133, 44204, 45680, 45883, 46213, 47556, 48660, 49199, 50144, 51178, 51749, 51799, 53478, 54025, 54600, 59568, 60679, 62202, 63340, 64137, 64218, 65150, 65791, 67241, 67884, 68526, 69120, 70135, 70143, 71874, 72369, 73464, 73954, 76010, 76038, 76862, 78992, 79897, 81063, 81943, 86058, 87675, 88023, 88449, 90197, 90397, 90853, 92858, 93505, 94855, 95425, 95463, 96846, 97390, 98037, 99062, 99613, 99754, 100503, 101267, 104066, 105991, 106524, 106596, 107021, 107144, 108732, 109437, 111519, 113073, 113783, 113861, 114565, 115505, 116803, 117397, 118307, 118449, 119133, 120649, 121232, 121484, 121688, 121893, 121904, 123871, 124491, 126049, 129441, 129753, 134107, 134877, 135077, 135544, 135766, 135789, 136362, 140337, 142928, 143574, 146134, 147406, 148154, 148557, 149494, 150087, 152123, 152812, 155191, 155437, 156157, 158523, 159075, 160035, 160409, 160612, 161289, 162131, 162137, 162392, 162613, 163905, 166089, 166512, 166761, 166818, 167055, 167636, 167866, 168770, 171680, 172369, 172836, 173582, 174060, 175764, 176215, 176784, 176844, 177290, 178081, 178416, 178903, 179916, 184499, 184773, 185033, 185056, 185667, 186186, 187583, 188087, 188943, 189620, 190982, 191161, 192369, 193779, 198559, 199280, 200088, 201229, 201408, 202233, 202743, 202773, 203611, 203793, 204467, 204498, 205004, 206161, 207689, 209232, 209392, 212242, 213115, 214951, 217228, 218462, 219392, 219935, 220619, 221830, 222061, 223226, 223588, 224202, 224636, 226365, 226369, 230130, 231997, 232085, 232910, 232974, 233492, 233709, 233779, 235228, 236870, 238861, 239127, 240128, 243092, 243169, 244103, 246647, 247454, 247505, 247735, 248376, 249793, 250460, 252377, 252629, 252853, 253598, 253780, 253830, 253998, 254449, 254621, 255040, 256882, 257277, 258834, 260063, 260422, 262351, 263040, 264533, 264786, 265224, 266559, 266603, 268646, 270488, 271401, 272176, 273634, 274093, 274095, 274417, 274709, 275456, 276615, 276853, 279007, 281051, 282133, 282309, 282976, 283095, 286452, 288793, 289097, 289800, 290487, 291467, 292834, 294029, 295155, 295543, 295673, 296806, 298181, 298429, 298725, 299651, 299763, 300109, 300510, 300812, 301567, 302385, 306738, 306800, 308350, 308517, 309165, 309683, 310124, 310846, 311646, 312895, 313009, 313059, 313383, 313487, 315207, 316469, 316708, 317170, 317179, 317442, 322255, 323204, 323969, 324707, 324907, 326914, 327020, 328377, 329453, 329728, 330263, 330531, 331269, 332887, 336214, 336362, 337047, 337445, 338569, 340774, 341765, 343812, 346465, 346651, 347718, 348479, 348751, 349090, 349464, 349731, 349924, 350956, 351797, 351990, 353297, 355788, 356755, 359387, 359994, 367234, 369648, 371147, 373290, 373821, 374032, 374125, 374703, 374792, 375047, 375785, 376165, 376806, 377120, 377814, 381490, 382246, 382266, 385907, 386214, 386543, 387034, 389056, 389275, 391133, 392774, 392945, 394083, 394705, 397797, 398011, 399307, 399919, 402478, 403377, 403888, 404024, 404560, 405691, 405945, 405973, 408884, 408910, 408912, 410879, 411744, 412996, 413138, 413648, 414420, 415410, 415478, 418441, 419069, 419456, 419746, 421123, 422561, 423550, 423653, 425518, 426149, 426753, 427313, 427392, 428929, 429114, 429287, 429852, 430495, 430861, 432450, 434683, 434699, 437033, 438166, 440103, 440785, 441958, 442192, 442454, 442667, 445682, 446427, 447906, 448106, 449404, 449564, 451820, 452582, 453662, 454273, 455785, 456004, 456732, 458933, 461033, 461141, 461258, 461280, 462825, 463303, 463537, 463570, 464168, 468940, 470273, 470491, 472940, 473305, 474856, 475487, 478110, 478217, 481493, 481802, 483101, 483713, 486300, 488117, 488915, 489654, 489947, 490215, 494934, 499124, 499192, 501411, 501836, 502575, 503141, 503343, 504207, 505062, 506225, 506935, 507522, 507665, 508059, 508378, 509383, 512629, 514845, 515047, 516480, 517759, 517774, 517964, 518715, 519451, 521055, 522690, 524708, 525694, 526188, 526362, 527937, 528803, 533164, 533861, 534224, 536458, 537265, 541226, 543599, 544169, 544972, 546615, 549045, 551889, 554162, 554187, 554501, 555489, 556049, 556170, 556962, 557294, 558310, 563015, 563965, 564371, 564763, 565058, 567167, 567350, 568521, 570895, 571132, 571455, 572218, 573385, 573771, 573835, 573972, 579035, 580612, 583032, 583656, 584143, 586725, 586914, 587707, 591456, 591604, 592668, 593720, 594477, 596774, 598228, 598446, 599710, 600127, 601405, 601932, 602701, 611240, 613502, 614454, 614979, 616914, 618747, 619512, 620718, 620956, 622574, 623493, 623574, 623627, 624676, 625044, 625767, 625963, 626049, 633093, 633402, 633524, 634761, 634989, 635514, 636973, 639345, 639833, 639940, 639983, 642953, 644559, 647480, 647767, 648195, 648492, 649788, 649936, 649954, 651950, 653086, 654292, 657536, 657953, 659313, 659656, 662421, 663753, 666216, 666289, 666469, 666488, 666754, 667609, 668356, 669022, 669538, 670839, 671140, 671577, 671990, 672505, 673076, 674189, 674640, 674811, 675439, 677300, 678243, 679329, 679348, 679374, 680038, 680197, 680662, 681574, 681842, 682933, 682956, 685420, 686394, 687528, 690694, 691934, 695174, 695178, 699373, 702400, 702690, 703620, 704575, 706944, 707522, 708098, 709960, 711072, 711411, 713072, 713467, 714393, 715727, 715985, 716462, 717552, 717606, 717999, 718422, 720144, 720171, 721090, 721344, 722641, 722806, 723517, 723805, 724018, 724788, 726321, 726859, 727088, 727634, 727746, 727933, 728118, 728160, 728850, 728990, 729746, 730719, 731403, 731960, 732047, 732278, 732543, 732631, 733015, 733889, 735829, 736068, 736891, 737426, 739587, 739834, 740552, 742948, 743867, 744268, 745036, 745181, 745311, 745930, 746028, 746655, 747072, 748362, 749694, 749744, 752076, 752811, 755118, 756616, 757555, 758241, 758588, 758610, 759537, 760471, 761243, 762610, 763062, 763281, 765601, 766299, 766984, 767776, 770160, 771796, 772437, 773434, 774087, 774772, 775260, 775474, 775572, 775897, 776782, 777052, 780626, 781524, 781876, 782104, 782708, 782974, 783432, 783926, 783978, 785567, 786440, 786777, 786883, 787237, 787256, 787681, 788230, 788829, 790318, 790571, 791310, 791461, 792300, 793075, 793257, 794855, 795058, 795281, 795767, 797938, 798512, 798995, 801892, 802106, 803884, 806878, 808319, 809091, 809982, 813105, 813792, 814191, 814699, 815772, 815879, 815982, 816187, 816212, 817607, 817722, 817885, 817967, 819035, 819901, 820418, 821612, 824061, 824812, 825685, 827010, 827116, 828264, 829899, 830755, 833231, 833910, 834688, 834873, 835237, 837104, 839816, 840436, 842895, 844560, 845849, 845910, 846973, 848307, 848310, 849318, 850287, 851163, 853208, 855187, 856141, 856861, 858051, 859429, 859461, 859963, 860502, 861834, 863460, 865512, 866480, 866609, 867805, 870810, 871109, 871199, 871322, 873515, 874572, 874657, 874943, 876866, 876994, 877050, 877458, 880250, 880490, 880511, 881224, 881617, 881691, 882574, 885895, 886485, 891447, 891487, 891691, 892419, 892627, 892907, 893409, 895451, 897339, 899485, 900660, 900888, 902403, 902709, 903504, 903925, 904814, 905553, 906144, 907477, 910325, 911765, 913002, 913556, 914360, 914729, 916307, 917094, 918649, 918831, 920516, 920725, 921286, 922014, 922121, 924546, 924660, 929794, 929812, 933370, 933392, 934281, 934991, 936361, 937375, 937983, 939067, 941548, 944075, 944614, 945052, 948191, 951761, 952326, 956334, 956988, 957946, 959393, 959396, 959403, 959835, 960559, 962454, 965134, 966404, 967463, 968226, 969918, 971703, 972695, 973217, 973858, 976163, 979089, 980077, 980874, 981175, 981177, 982780, 983456, 986711, 987272, 988992, 990603, 994015, 994232, 994782, 995391, 996721, 997701, 997802, 998256, 998807, 999662]]

Experiment: Bubble Sort Test Experiment

2
 cd /home/julius/Dokumente/Uni/HPI/Jobs/GFZ/SacredTest && python bubble.py bubblesort_input_dataset.csv reversed 
{'value': 'bubblesort_input_dataset.csv', 'name': 'array_file_path'}
INFO - Bubble Sort - Completed after 0:00:01
