INFO - Bubble Sort - Running command 'bubbleSort'
INFO - Bubble Sort - Started run with ID "545"


Bubble Sort Test Experiment is running for 1 seconds!


Algorithm still working fine
Loss function:
False
0
7
Loss function:96
Loss function:
True
1
7
Algorithm still working fine
Loss function:
False
2
7
Loss function:93
Loss function:
True
3
7
Algorithm still working fine
Loss function:
False
4
7
Loss function:91
Loss function:
True
5
7
Algorithm still working fine
Loss function:
False
6
7
Loss function:90
Loss function:
True
7
7
[[637, 1807, 2090, 3735, 6440, 6550, 9649, 10327, 10414, 10715, 12046, 12054, 12139, 12268, 13573, 14035, 14515, 15224, 16518, 17160, 17635, 17900, 19042, 19845, 22533, 23028, 23110, 23458, 23925, 25237, 27210, 28029, 28849, 30485, 30939, 31609, 31758, 33189, 34662, 34730, 40695, 43320, 43337, 43759, 44375, 44965, 45999, 46501, 46851, 46858, 47988, 50468, 50480, 51994, 52490, 52561, 53095, 53919, 55835, 59752, 60051, 62518, 62843, 63656, 64216, 65523, 66791, 67973, 68240, 69979, 70858, 71549, 71805, 72086, 74656, 75762, 75955, 78460, 79894, 81091, 81940, 83732, 84624, 85136, 85500, 87308, 87359, 88666, 92254, 92565, 92699, 93755, 96336, 98634, 98739, 98820, 99212, 99882, 100545, 101944, 107053, 108752, 108770, 109123, 110056, 111331, 111950, 112568, 112803, 113452, 113489, 114113, 115614, 116333, 116987, 118073, 118774, 119704, 121725, 122366, 124348, 127094, 128060, 129173, 129340, 129401, 131191, 131256, 131895, 137691, 139011, 139508, 139628, 140109, 141112, 141637, 141989, 142566, 143756, 144067, 144656, 144827, 144952, 145893, 146550, 149265, 149504, 149952, 149953, 151811, 153875, 154564, 156693, 156733, 158223, 160432, 160517, 161001, 162815, 163979, 165855, 166969, 168203, 169408, 171972, 174545, 174898, 176504, 179903, 180346, 181256, 182071, 182318, 184166, 184756, 185136, 186213, 187616, 187773, 191594, 192566, 192887, 193801, 195587, 196485, 196783, 197574, 197705, 198028, 199257, 199608, 201376, 201509, 202499, 202508, 202779, 205401, 205946, 208377, 208829, 211136, 211761, 214197, 214845, 215564, 216287, 216707, 216745, 220035, 223185, 224652, 224664, 226314, 227774, 229049, 230894, 231030, 231826, 234230, 236864, 236954, 237103, 239354, 241890, 244145, 244931, 245139, 246785, 247909, 249261, 252148, 252233, 252437, 252671, 252699, 252761, 253858, 258217, 259872, 262048, 262409, 262597, 262609, 262706, 262761, 267426, 267801, 269752, 270680, 271202, 272322, 273364, 274509, 274519, 274903, 275175, 275533, 275761, 278127, 279787, 280132, 282322, 282584, 282744, 283372, 283515, 283908, 284156, 286439, 286805, 288386, 288461, 288895, 290239, 290453, 290565, 291498, 292423, 295356, 295589, 295767, 296116, 296330, 297107, 298450, 299597, 299698, 299739, 301684, 302603, 302640, 303263, 304555, 305507, 307684, 308522, 308869, 310761, 310855, 310979, 311042, 312340, 313480, 314011, 314032, 317101, 319776, 322826, 323845, 325135, 326259, 327578, 328636, 330054, 331172, 334087, 335282, 337558, 338356, 339670, 340698, 340874, 341524, 342130, 343074, 343366, 344113, 345377, 346029, 346700, 349621, 350020, 350275, 351034, 351694, 351781, 352083, 352570, 353129, 353966, 355521, 355660, 357118, 358328, 361223, 361236, 361295, 361777, 362019, 363758, 363776, 365030, 365290, 366445, 366897, 366981, 368355, 368820, 369626, 369913, 371233, 372422, 373596, 373938, 375256, 376080, 376479, 376529, 377125, 377200, 378851, 382811, 382995, 383378, 383937, 385139, 387070, 387448, 388074, 389329, 389406, 391838, 393654, 395058, 396297, 396410, 397299, 401234, 403050, 403493, 404918, 405901, 407339, 407976, 409114, 410226, 410269, 410979, 410990, 411736, 411741, 414180, 415209, 415430, 415617, 416991, 420901, 421336, 421490, 422606, 423242, 424637, 425008, 425497, 426673, 426798, 427153, 429755, 429933, 430543, 430550, 433198, 433522, 434164, 435847, 437565, 439304, 439878, 440270, 440436, 440510, 440581, 441500, 442673, 443620, 445044, 445460, 445726, 445838, 446273, 446649, 448787, 449094, 449701, 450676, 450733, 450964, 451119, 451598, 452667, 453726, 453833, 454662, 455299, 457557, 457932, 458613, 458811, 459682, 459728, 459788, 460487, 462594, 463257, 464983, 465559, 466211, 466940, 467213, 467512, 467515, 469634, 470369, 470376, 470559, 470568, 471515, 472023, 473882, 474933, 475592, 475780, 476360, 477658, 479016, 479200, 480002, 480542, 480751, 481097, 484590, 484731, 485717, 487167, 487426, 488073, 490409, 492625, 493362, 493615, 493851, 496104, 496676, 497216, 497643, 497746, 499279, 499665, 499964, 502258, 504317, 505273, 505811, 507240, 510075, 510898, 511357, 511727, 511814, 512862, 512941, 513332, 513431, 515419, 515995, 516291, 516574, 517292, 520067, 520643, 520872, 521046, 523756, 524735, 524817, 525105, 526487, 528572, 528934, 529302, 530868, 532842, 533032, 533455, 534782, 535189, 535582, 537400, 538823, 539008, 539464, 539968, 540154, 543140, 543402, 543981, 545116, 545544, 547110, 548098, 548521, 548857, 549117, 549216, 549486, 550751, 551082, 551125, 551161, 551175, 551767, 553485, 553556, 555029, 555720, 555995, 556591, 556967, 557253, 557377, 558512, 559647, 559707, 560578, 560646, 561742, 562837, 564002, 564162, 564364, 566510, 567269, 567932, 569485, 570307, 571602, 573265, 573833, 574022, 576962, 577440, 577611, 582085, 583154, 586531, 587729, 589095, 589280, 590602, 592691, 594409, 595721, 597047, 598148, 599142, 599379, 599812, 600468, 601328, 601455, 602420, 607190, 607516, 608047, 608567, 609121, 610686, 613747, 615756, 615809, 615877, 617476, 617586, 617946, 618664, 618990, 619231, 619478, 619932, 624494, 624843, 624946, 626220, 626582, 629075, 629953, 631507, 632992, 633316, 635304, 635855, 636009, 637442, 637711, 639823, 641821, 642103, 643415, 644121, 645572, 646599, 648109, 650247, 650290, 651584, 652014, 652377, 654122, 654668, 655544, 658460, 659898, 659907, 660920, 662363, 663725, 667903, 667925, 669630, 670386, 670865, 671460, 671563, 671858, 671965, 674843, 675169, 676163, 676615, 678738, 679602, 680298, 681542, 683639, 685114, 685825, 688751, 689378, 689736, 690059, 691956, 693257, 693613, 694366, 696051, 696759, 697084, 697138, 700184, 700392, 701125, 701291, 701474, 704056, 705793, 706959, 708582, 708870, 709558, 709615, 711100, 712016, 712980, 713657, 714345, 715291, 715561, 715894, 717602, 719546, 721171, 725596, 729944, 730955, 731099, 731210, 731288, 731541, 732169, 732651, 732832, 733858, 734506, 736952, 738888, 739863, 740384, 740873, 741336, 743655, 743829, 744718, 745661, 747492, 748054, 748480, 748713, 749773, 749817, 752460, 754237, 755873, 757505, 757937, 758182, 760652, 760901, 762571, 767208, 768060, 768194, 769149, 769528, 770272, 770329, 771100, 771818, 772566, 772617, 773340, 773489, 775051, 778824, 780136, 780195, 782796, 782993, 783213, 783799, 783812, 784132, 784171, 784629, 784640, 785532, 786331, 790996, 791394, 793776, 796110, 796257, 796659, 797248, 797440, 798127, 801429, 801579, 802260, 803507, 804657, 806236, 806933, 808975, 809702, 810823, 812942, 814328, 815787, 816250, 818300, 818999, 820663, 820883, 821078, 824428, 824561, 824871, 825388, 826252, 826384, 826454, 827834, 828932, 829481, 829580, 830336, 832063, 833545, 834762, 834824, 835562, 837506, 838759, 841555, 843950, 844181, 844854, 845098, 847386, 847761, 849725, 850371, 852527, 852562, 852837, 853722, 854367, 854644, 855193, 856655, 857386, 858576, 859084, 859976, 859983, 861004, 862158, 863759, 863938, 867463, 867930, 871330, 871895, 872665, 873371, 873745, 873851, 875009, 876566, 876870, 877141, 877459, 878718, 879138, 879527, 880921, 881925, 882699, 883366, 884684, 884916, 886469, 887973, 888171, 889430, 889655, 889991, 890300, 890309, 892602, 893080, 893401, 894664, 894796, 895948, 898053, 898959, 899287, 900696, 900787, 901091, 901555, 902380, 905258, 905781, 906966, 907617, 907903, 908115, 910458, 911308, 912977, 914158, 915411, 915988, 917400, 920952, 921491, 924396, 924613, 924743, 925317, 926195, 926369, 926621, 926905, 927628, 928282, 929084, 929504, 930188, 930244, 930694, 932841, 933515, 934151, 934491, 935111, 935774, 940625, 942277, 942337, 942489, 942957, 943575, 946271, 947628, 947694, 950715, 951938, 952234, 954239, 955711, 955730, 958436, 961318, 961383, 962002, 962229, 963878, 964975, 965424, 967441, 968737, 969350, 970679, 974363, 977997, 978753, 979307, 980825, 982147, 983401, 983923, 985171, 985383, 985437, 986694, 990170, 990255, 991378, 991564, 991790, 995396, 995426, 995862, 995973, 997104, 998906, 999812]]
Loss function:
False
8
7

Experiment: Bubble Sort Test Experiment

2
 cd /home/julius/Dokumente/Uni/HPI/Jobs/GFZ/SacredTest && python bubble.py bubblesort_input_dataset.csv reversed 
{'value': 'bubblesort_input_dataset.csv', 'name': 'array_file_path'}
INFO - Bubble Sort - Completed after 0:00:01
