INFO - Bubble Sort - Running command 'bubbleSort'
INFO - Bubble Sort - Started run with ID "513"


Bubble Sort Test Experiment is running for 1 seconds!


Algorithm still working fine

Loss function:96

Algorithm still working fine

Loss function:93

Algorithm still working fine

Loss function:91

Algorithm still working fine

Loss function:90

[[2346, 4352, 7360, 7410, 8406, 9330, 10535, 11715, 12193, 13043, 13385, 13610, 15221, 15466, 15612, 16402, 16692, 17992, 20654, 21071, 21140, 21580, 21693, 22663, 22948, 23931, 23971, 25490, 26115, 26608, 27906, 28704, 29806, 31081, 31946, 34625, 35361, 36536, 38484, 40896, 42023, 46263, 48579, 48842, 49689, 51800, 52221, 52289, 52662, 53102, 54286, 54427, 56182, 57836, 58560, 64384, 64950, 67041, 69020, 69248, 69572, 69860, 70355, 70385, 70823, 71101, 73543, 73578, 74658, 74711, 75952, 76284, 78593, 78898, 81527, 83635, 85161, 85856, 85865, 86266, 86335, 86764, 86777, 87483, 89448, 94426, 94496, 95036, 95571, 96329, 97992, 98616, 99815, 102870, 103740, 104452, 105249, 107389, 109761, 109939, 110052, 114172, 115339, 116231, 117334, 120788, 122794, 122952, 123556, 123833, 125008, 125280, 125747, 125838, 125955, 128559, 129132, 129945, 130699, 131034, 131330, 131485, 131921, 134299, 135622, 137187, 137432, 138286, 139640, 140041, 140406, 140566, 140891, 144133, 144605, 146441, 149732, 151088, 151829, 152214, 155720, 157399, 157791, 157916, 158084, 159383, 159914, 161191, 161872, 164801, 166081, 166625, 168814, 170326, 170390, 174852, 175561, 175737, 176458, 178873, 179240, 179359, 181872, 183154, 185064, 185474, 185995, 188804, 190564, 193031, 193073, 193183, 193481, 193687, 194677, 195378, 195936, 196460, 196491, 197582, 198019, 198246, 198782, 199081, 199493, 201480, 203002, 204298, 204421, 204523, 204605, 204678, 206237, 206392, 206472, 206994, 208855, 209372, 210560, 212533, 213198, 213933, 215367, 216223, 216619, 217083, 217910, 217938, 218779, 219341, 219438, 220053, 220395, 220550, 223964, 226399, 227735, 227921, 227993, 229271, 229660, 229748, 229950, 230022, 230948, 233090, 234796, 235497, 236810, 238639, 238670, 240754, 241122, 241343, 241485, 242442, 243339, 244474, 244639, 245389, 246132, 246403, 246895, 247190, 247633, 247739, 248689, 252219, 252221, 252420, 254461, 255562, 257814, 258831, 259539, 262461, 262738, 262784, 263167, 263201, 263529, 263596, 264046, 265417, 266201, 266429, 267457, 268462, 269055, 269126, 269431, 270089, 272383, 273226, 274029, 274057, 275094, 275621, 275628, 276479, 276568, 278447, 278681, 283462, 283888, 284932, 286126, 286686, 288249, 288798, 290080, 290918, 292500, 292557, 292715, 293223, 293400, 294223, 294746, 295205, 295512, 296169, 296409, 297029, 297820, 298921, 300229, 301001, 303048, 303541, 303700, 304385, 304747, 305358, 305562, 306014, 306134, 307275, 307787, 311165, 311306, 311312, 312259, 312918, 312986, 313199, 315017, 315857, 316010, 317377, 318137, 320078, 320608, 321604, 322989, 323874, 324498, 325760, 326120, 326337, 328582, 328863, 329088, 329419, 330847, 331435, 331707, 331883, 335344, 335632, 338759, 338761, 338963, 341820, 342495, 345404, 347687, 348045, 348638, 348898, 348944, 349328, 350625, 350890, 351716, 352099, 354395, 354769, 356320, 357247, 358040, 358154, 358689, 358811, 358914, 361468, 361660, 361792, 363000, 364307, 365169, 372992, 373522, 373890, 378332, 379321, 379331, 379789, 380320, 380763, 381257, 382202, 382490, 383494, 384647, 385723, 386119, 388369, 391605, 396211, 396416, 396688, 398786, 402678, 403217, 403728, 403875, 405400, 406422, 407625, 410473, 411641, 412665, 414009, 414925, 415221, 415357, 417350, 417887, 418665, 418905, 421408, 425789, 428274, 429225, 429900, 431701, 433616, 433712, 437323, 437865, 439618, 439981, 440755, 440785, 440786, 441368, 442734, 442859, 443231, 443606, 453556, 453662, 455830, 457165, 458246, 458306, 458797, 458873, 459262, 460078, 462323, 463072, 463244, 463459, 465484, 466154, 467593, 468682, 470739, 471120, 471339, 471761, 471764, 472246, 472463, 473259, 477786, 478577, 479104, 479638, 480407, 481809, 482453, 482718, 484791, 484822, 485663, 486364, 486527, 486726, 487765, 488866, 490624, 491498, 492349, 492739, 493428, 493640, 494017, 494893, 495935, 496643, 497075, 498474, 502936, 502946, 503756, 506122, 506444, 507572, 507779, 508163, 508270, 508714, 508880, 511395, 512334, 513499, 514210, 514368, 515693, 518191, 518601, 519126, 520239, 520430, 523421, 525902, 527887, 528266, 528577, 529701, 530331, 530916, 531412, 531577, 531979, 532567, 533243, 534351, 534685, 535263, 535532, 535965, 536335, 538813, 538987, 539096, 540273, 542720, 543246, 546083, 546517, 546807, 547434, 547687, 548790, 549204, 549271, 550409, 551961, 552038, 552730, 552908, 553390, 554106, 554410, 555721, 558880, 558928, 560172, 560484, 563722, 564273, 564383, 565891, 567793, 568208, 570544, 570818, 571355, 571792, 572318, 572721, 572733, 572855, 575045, 579180, 579694, 582354, 584047, 586167, 586673, 588665, 590318, 590887, 591441, 591849, 592950, 593867, 595588, 596144, 596500, 599484, 600803, 601735, 602720, 603009, 603148, 606228, 606531, 606669, 607238, 608588, 609304, 609915, 610171, 610330, 611362, 612183, 613124, 613287, 613539, 617502, 617539, 620977, 621170, 621278, 621304, 621325, 621967, 622624, 623303, 625328, 625330, 626534, 628106, 628534, 628549, 629267, 630341, 632184, 632255, 633557, 633728, 634848, 636902, 639492, 639564, 640880, 641733, 642534, 646131, 646434, 647519, 650514, 650939, 651055, 651895, 652489, 652847, 653867, 654580, 655808, 656174, 656664, 658097, 658732, 659117, 659302, 661874, 662283, 663003, 663160, 663878, 666131, 667364, 668456, 671739, 672486, 673767, 674010, 674529, 674938, 675231, 675436, 675447, 676782, 678475, 681173, 681551, 681651, 682160, 682575, 683372, 683619, 684904, 684930, 684991, 686297, 686479, 686741, 687877, 690504, 690947, 691118, 692872, 693255, 693456, 693816, 693819, 696215, 697916, 698426, 700846, 701316, 702022, 705316, 705364, 707829, 709408, 711175, 712187, 712320, 712531, 715669, 715916, 716724, 716999, 717280, 719124, 721337, 721384, 721697, 724798, 724861, 725540, 725555, 725730, 726065, 726514, 727113, 727866, 728086, 728320, 728441, 728463, 729917, 730005, 730285, 732099, 732739, 733016, 734264, 735117, 735348, 737652, 737727, 741991, 742027, 742281, 743530, 744053, 745401, 745583, 747400, 748097, 748393, 748411, 748905, 750602, 751100, 753228, 753418, 753943, 754397, 754965, 758114, 759744, 761550, 761553, 764859, 765602, 766329, 767531, 767990, 769817, 771152, 774530, 776648, 777028, 777731, 777759, 778269, 778275, 779506, 779788, 780125, 784935, 785472, 787108, 790610, 792215, 792472, 793981, 797033, 797458, 798861, 799933, 800939, 800967, 802126, 802303, 802546, 804572, 805112, 805477, 805595, 805707, 807713, 809151, 810848, 813070, 813441, 814567, 815335, 816260, 817717, 820567, 820675, 821155, 821940, 821990, 822600, 822948, 823378, 823801, 825086, 826035, 826066, 827939, 830141, 830985, 832472, 833787, 833875, 835979, 836048, 836054, 837635, 839603, 839933, 843699, 843778, 843941, 846276, 847627, 848960, 849396, 849451, 850217, 852614, 855745, 856138, 857907, 858297, 858734, 859117, 859237, 859742, 859982, 861238, 861331, 863273, 863433, 863892, 866053, 868981, 871060, 873230, 874095, 874141, 874392, 874448, 874806, 875099, 876256, 879164, 879374, 880031, 880677, 880844, 881716, 882103, 882882, 883286, 883655, 884194, 884369, 886503, 886669, 888030, 888807, 888817, 888882, 890866, 891188, 891232, 892188, 893878, 897873, 899816, 900093, 901142, 901230, 902689, 904121, 906054, 906571, 907819, 911424, 911653, 913065, 916691, 916719, 917616, 917792, 918063, 918640, 919681, 921238, 921251, 921640, 922346, 922854, 923665, 924296, 925318, 927042, 928101, 928661, 929135, 929159, 930769, 931106, 931610, 932660, 934628, 935267, 935304, 936931, 936994, 937332, 938872, 939016, 939415, 939680, 939796, 940756, 942502, 944168, 948208, 948830, 949012, 949742, 949749, 951073, 951168, 953318, 954276, 955284, 955652, 956095, 956435, 958287, 958864, 959642, 960936, 961246, 961923, 964209, 964511, 966794, 967480, 967681, 969697, 969880, 970949, 973253, 974446, 978062, 978544, 980456, 981801, 984837, 985781, 986060, 986758, 988029, 988477, 989164, 989225, 989595, 990607, 992003, 993261, 994984, 996615, 997944]]


Experiment: Bubble Sort Test Experiment

2
 cd /home/julius/Dokumente/Uni/HPI/Jobs/GFZ/SacredTest && python bubble.py bubblesort_input_dataset.csv reversed 
{'name': 'array_file_path', 'value': 'bubblesort_input_dataset.csv'}
INFO - Bubble Sort - Completed after 0:00:01
