INFO - Bubble Sort - Running command 'bubbleSort'
INFO - Bubble Sort - Started run with ID "535"


Bubble Sort Test Experiment is running for 2 seconds!


Algorithm still working fine
Loss function:
False
Loss function:96
Loss function:
True
96
Algorithm still working fine
Loss function:
False
Loss function:93
Loss function:
True
93
Algorithm still working fine
Loss function:
False
Loss function:91
Loss function:
True
91
Algorithm still working fine
Loss function:
False
Loss function:90
Loss function:
True
90
[[82, 815, 1014, 1452, 3368, 3418, 4262, 4545, 6523, 6746, 7203, 7713, 8596, 10054, 10317, 10934, 10972, 13082, 15317, 15519, 18557, 19716, 20926, 20936, 21024, 21148, 21610, 21701, 22268, 22639, 22775, 22901, 23029, 24144, 24528, 25331, 25383, 25481, 25484, 27144, 27547, 27587, 28056, 28301, 29199, 29255, 29665, 30254, 32319, 32455, 33510, 34528, 36090, 36101, 36872, 38241, 38778, 42833, 43410, 45602, 47171, 48385, 50780, 52405, 54227, 54720, 54722, 55942, 56074, 56290, 56480, 57785, 58327, 62507, 62623, 65454, 66815, 67321, 67408, 67522, 67917, 69161, 70129, 70153, 71922, 71940, 73266, 74035, 77513, 79590, 80097, 80391, 81172, 81702, 82227, 83470, 85256, 85874, 87195, 88549, 88691, 89001, 89926, 92025, 93375, 94597, 94871, 96391, 100877, 101407, 101474, 103060, 104069, 106232, 107463, 110587, 110868, 111787, 112590, 113033, 113336, 114006, 115403, 116600, 116655, 118416, 119177, 119423, 122350, 122380, 122676, 123297, 123562, 124318, 124854, 124931, 125838, 128921, 130394, 130865, 132302, 132557, 133039, 133260, 133291, 133979, 133997, 134544, 135201, 136571, 138302, 138564, 138740, 139402, 139887, 140798, 141489, 142706, 143714, 146449, 146535, 146882, 147084, 147521, 148578, 149036, 149198, 149551, 151256, 153592, 154029, 154884, 155145, 155695, 157065, 157909, 162349, 162673, 163711, 164468, 165782, 167286, 167809, 168343, 168362, 168998, 170400, 171419, 172151, 173198, 173502, 173994, 176959, 177457, 179107, 186662, 187389, 190912, 191591, 191786, 192077, 192109, 193860, 194545, 197267, 199130, 199761, 199821, 200163, 200168, 200755, 200840, 201278, 201377, 201416, 201990, 203145, 204161, 205990, 206649, 206750, 208579, 208588, 209223, 209607, 209834, 210041, 212502, 214637, 215045, 216307, 216331, 217758, 217850, 218616, 218680, 219109, 219512, 220227, 220241, 220711, 221650, 221860, 223106, 224102, 225210, 225742, 226253, 226442, 226611, 226848, 227876, 228145, 234850, 235188, 236542, 236820, 236943, 237002, 238417, 238585, 238983, 239543, 241332, 241905, 244646, 246368, 247130, 248291, 249088, 250792, 251344, 253123, 259177, 259502, 259516, 259967, 262896, 264462, 264482, 265452, 266253, 266314, 266382, 267627, 268900, 269030, 271623, 273619, 273789, 275069, 275339, 276116, 276347, 278001, 278241, 278291, 279356, 283634, 284627, 284852, 285250, 285575, 286455, 287394, 288187, 291689, 293749, 294463, 295683, 296537, 299175, 300051, 301462, 301672, 303404, 303737, 305430, 306133, 306532, 309311, 309846, 310586, 311381, 311673, 311988, 312942, 315331, 316101, 316261, 317775, 317810, 319215, 320632, 322153, 322906, 322928, 323232, 323608, 323866, 323921, 324222, 325051, 325310, 326576, 326729, 326899, 326969, 327011, 327919, 328892, 329817, 331386, 332496, 333402, 334037, 335132, 335320, 336574, 337374, 337888, 338284, 338443, 338477, 338736, 339433, 340302, 342008, 343323, 343351, 344124, 344223, 346582, 346793, 347495, 347618, 347981, 350236, 351334, 353120, 353423, 353453, 354173, 355900, 358659, 360446, 360811, 360853, 361707, 362350, 363913, 364133, 365408, 365849, 366065, 366970, 367194, 367202, 367924, 368593, 370121, 370142, 370211, 370218, 371155, 371633, 372478, 372512, 372654, 374940, 376458, 377381, 377479, 377833, 387563, 387954, 388301, 388789, 391967, 392974, 394038, 394288, 395014, 395669, 397339, 397347, 398030, 400049, 402364, 404374, 406304, 406437, 407177, 408660, 411999, 413008, 413120, 415458, 419206, 419304, 421717, 422034, 422199, 422318, 424665, 424997, 426137, 426647, 427273, 427425, 428593, 430444, 430955, 433160, 434140, 437699, 438091, 439637, 440233, 441599, 442119, 442294, 443755, 445776, 446803, 448806, 449165, 450301, 450534, 451398, 453031, 454288, 457204, 458366, 461766, 462400, 464139, 464411, 464636, 465697, 466371, 467739, 467845, 467881, 468267, 468280, 469028, 470724, 471844, 471973, 473728, 474009, 474011, 475114, 475601, 478385, 479139, 479140, 479457, 479502, 479633, 479860, 481758, 481788, 485303, 485646, 487949, 488360, 488683, 489008, 490351, 490382, 490589, 492649, 494812, 497928, 499840, 501372, 505108, 505510, 506668, 507805, 509027, 509149, 510516, 511631, 511752, 512724, 513931, 514309, 515408, 515597, 515611, 515653, 515933, 517264, 517696, 517845, 518960, 521405, 522260, 522441, 524497, 525263, 525608, 525717, 526369, 526763, 526890, 527744, 527813, 529120, 529361, 529733, 529792, 530353, 536444, 537810, 537933, 539432, 541483, 541548, 543641, 545509, 545751, 547535, 547731, 548193, 548760, 550137, 551365, 551839, 553501, 555974, 557376, 559545, 559746, 561462, 562842, 563502, 566585, 566686, 566746, 567198, 568742, 568914, 569563, 570890, 572090, 574375, 574629, 578576, 579295, 580717, 581422, 584171, 584337, 585256, 585474, 585765, 586773, 587245, 589099, 590335, 591457, 591496, 592578, 592997, 594110, 594161, 602098, 604208, 604409, 605660, 605871, 606793, 607204, 607448, 608979, 609245, 610760, 610947, 612085, 613070, 613334, 613979, 614106, 615013, 616218, 617095, 619598, 621126, 623782, 624947, 626570, 626600, 627018, 627251, 628083, 628526, 628556, 628702, 628908, 629288, 629490, 633158, 633488, 634756, 636580, 637356, 637884, 637965, 639188, 640903, 641109, 642816, 643257, 644803, 644960, 649053, 650250, 651395, 654247, 656198, 656271, 657956, 658317, 658787, 659887, 660199, 663928, 664420, 664439, 667800, 669624, 669875, 671030, 671046, 673174, 673342, 673484, 676004, 676526, 677214, 677746, 679200, 679756, 680570, 682581, 682887, 684057, 688087, 690515, 690869, 692382, 694591, 695322, 698713, 700907, 702265, 702321, 702704, 704139, 705452, 709306, 710020, 710144, 710354, 713853, 714394, 714717, 715728, 717970, 718111, 718123, 719284, 719517, 720039, 720803, 723747, 724123, 724278, 724648, 724881, 727001, 727144, 728843, 729119, 729769, 731006, 731667, 732202, 734187, 734291, 734787, 735935, 737172, 737524, 737614, 737828, 739241, 739405, 740661, 740901, 740996, 741611, 743481, 743771, 746826, 747010, 747714, 747872, 747910, 749789, 750209, 752554, 754023, 754351, 758741, 760442, 760863, 762146, 762730, 766261, 766701, 767241, 768437, 768585, 772323, 773253, 775147, 775464, 775890, 776021, 778278, 778632, 779005, 779336, 780043, 781531, 781945, 782559, 782644, 783123, 783341, 783634, 783641, 783850, 786106, 788288, 788614, 791188, 792133, 792225, 792454, 794991, 796223, 797075, 797781, 799139, 799888, 802079, 803808, 803821, 808047, 812121, 812342, 812934, 813937, 815495, 815733, 815937, 817329, 819405, 821931, 822433, 822590, 825735, 827522, 828451, 829133, 830662, 830945, 832253, 832926, 833634, 834358, 834749, 834990, 836340, 836425, 837155, 837388, 839918, 841255, 841430, 841447, 841638, 841666, 841753, 843477, 843597, 843690, 843720, 845440, 846750, 848181, 848714, 849182, 849320, 851238, 852656, 853185, 856427, 857046, 857322, 857507, 857561, 857755, 858140, 858805, 858924, 859437, 859713, 859998, 861012, 861345, 861998, 864397, 865577, 867859, 868914, 869532, 869678, 870960, 871459, 871717, 873773, 873782, 873942, 874863, 876348, 877918, 878208, 879029, 880175, 880741, 882931, 882980, 883799, 884395, 884680, 884723, 886339, 888321, 888429, 889365, 889547, 890382, 891240, 891668, 892404, 892511, 893415, 894982, 895205, 899122, 900048, 904913, 905731, 906549, 906609, 907056, 907795, 907851, 908116, 911102, 912304, 913391, 913493, 913548, 913867, 914235, 914362, 914810, 917535, 919532, 920560, 921158, 921324, 921348, 921425, 923445, 924649, 926233, 926298, 926677, 929251, 929672, 929967, 930091, 930338, 931438, 932020, 933002, 933127, 934394, 934448, 935805, 935966, 936358, 939646, 939713, 940871, 944166, 945575, 945607, 945608, 947440, 950770, 954471, 960066, 961527, 961667, 963243, 964009, 964167, 965678, 967799, 969507, 972711, 972937, 973105, 973279, 973353, 974205, 974546, 975060, 976283, 978243, 979313, 980335, 980829, 981685, 982779, 982780, 982981, 985773, 986569, 987443, 988195, 990264, 990388, 992976, 993191, 993215, 994347, 994388, 994399, 999952]]
Loss function:
False

Experiment: Bubble Sort Test Experiment

2
 cd /home/julius/Dokumente/Uni/HPI/Jobs/GFZ/SacredTest && python bubble.py bubblesort_input_dataset.csv reversed 
{'value': 'bubblesort_input_dataset.csv', 'name': 'array_file_path'}
INFO - Bubble Sort - Completed after 0:00:01
