INFO - Bubble Sort - Running command 'bubbleSort'
INFO - Bubble Sort - Started run with ID "587"


Bubble Sort Test Experiment is running for 2 seconds!


Accuracy function: 
Algorithm still working fine

Accuracy function: 
Accuracy function: 5

Accuracy function: 
Algorithm still working fine

Accuracy function: 
Accuracy function: 9

Accuracy function: 
Algorithm still working fine

Accuracy function: 
Accuracy function: 12

Accuracy function: 
Algorithm still working fine

Accuracy function: 
Accuracy function: 14

Accuracy function: 
[[1919, 2466, 2618, 3770, 3821, 4961, 5968, 6182, 7146, 8999, 10112, 10545, 10896, 13364, 17135, 17162, 18601, 18658, 19665, 22722, 24122, 24947, 27278, 29671, 29720, 29811, 30491, 30891, 31249, 33534, 34872, 37581, 38306, 38471, 39583, 41087, 41811, 47509, 47870, 48838, 50501, 51606, 51618, 53183, 53468, 54366, 55044, 55355, 55406, 55606, 55915, 56204, 58263, 58390, 58739, 58928, 60818, 61720, 66833, 67579, 69164, 71431, 73918, 73987, 76082, 76411, 76657, 77507, 80279, 83531, 85940, 86270, 86540, 87253, 87927, 89549, 93845, 94508, 94957, 97834, 98326, 99678, 100607, 103607, 105325, 105670, 106756, 108123, 108363, 108604, 109489, 110906, 110928, 111469, 111684, 112109, 112529, 112972, 113721, 114102, 117653, 119051, 120353, 121989, 122312, 123991, 124146, 124186, 124450, 124977, 127159, 128249, 128573, 129590, 129894, 129994, 132597, 133507, 133588, 133871, 134074, 134730, 134995, 138465, 138633, 139179, 141364, 141994, 142223, 144130, 145810, 146200, 146342, 147533, 148619, 149408, 150428, 150896, 152669, 154453, 154976, 155934, 159611, 160020, 160171, 160327, 161565, 161589, 162512, 163741, 163947, 164900, 165845, 166414, 166513, 167567, 168967, 168999, 169106, 169559, 170272, 171164, 173621, 173649, 173802, 174129, 174650, 176074, 176471, 176951, 177111, 178859, 181291, 183061, 183305, 184179, 185405, 185531, 186749, 186799, 188341, 188594, 189955, 190112, 191603, 194536, 196767, 197192, 197214, 197269, 197288, 197504, 198281, 199445, 200212, 200875, 201131, 202473, 203065, 203115, 204579, 205326, 207515, 207912, 212627, 213082, 216209, 216525, 219025, 219124, 219909, 220024, 223173, 224317, 224465, 226125, 228361, 229623, 229734, 230111, 230911, 231173, 235346, 235474, 235826, 236423, 237556, 237682, 238064, 239470, 239833, 240181, 240392, 241612, 241891, 242044, 242687, 244387, 244567, 244798, 245163, 247570, 248229, 250176, 251319, 253746, 254393, 256670, 257309, 258998, 259731, 260693, 260851, 262770, 262915, 263705, 264013, 266158, 267411, 267448, 267737, 268916, 270693, 270985, 271021, 271026, 271156, 271368, 271567, 271884, 271900, 273112, 273199, 273291, 273730, 273791, 274048, 275827, 276031, 278638, 279684, 279988, 280181, 281802, 282156, 285625, 285628, 286984, 289081, 290595, 290913, 295239, 296107, 298208, 298357, 299108, 299849, 303066, 304161, 304260, 304915, 305537, 306020, 307721, 309163, 309224, 309793, 310101, 310583, 311683, 314482, 315367, 316373, 317823, 320093, 321435, 323480, 325710, 326375, 326971, 328523, 329466, 329959, 331329, 332665, 332809, 333498, 333501, 335223, 335586, 336118, 336184, 337292, 339016, 341118, 342432, 342877, 343100, 345336, 348304, 348322, 348734, 349963, 350963, 351295, 351590, 352203, 352385, 355252, 356581, 358540, 359681, 360310, 360656, 360746, 361391, 362047, 365375, 366035, 367404, 368031, 370826, 371666, 373499, 373596, 373649, 376253, 376350, 376517, 377380, 378301, 378963, 382678, 384269, 386995, 387877, 388016, 388501, 389508, 389829, 390612, 395194, 395460, 395516, 398324, 399042, 400102, 400156, 400235, 400322, 402813, 403342, 404843, 406126, 406519, 407103, 408692, 408864, 409514, 410778, 410819, 411469, 411989, 412205, 412561, 412728, 412893, 412969, 413075, 414038, 415824, 417058, 417519, 418313, 420689, 420946, 421123, 421245, 423097, 423411, 426207, 427361, 427863, 428542, 428645, 429085, 429430, 429753, 434135, 435062, 437978, 438769, 439434, 440227, 440480, 440704, 441612, 443457, 443693, 446646, 446745, 450020, 450737, 452200, 453189, 453936, 453961, 454043, 456580, 459029, 460193, 460315, 460474, 460717, 460848, 464234, 464620, 465115, 465332, 465943, 466473, 468126, 468145, 468813, 469387, 471005, 471192, 471592, 472389, 472884, 472996, 473021, 473026, 473484, 475317, 477189, 477740, 480399, 480581, 483048, 484696, 484958, 486085, 487074, 488902, 489513, 489539, 492798, 494410, 497194, 499466, 500038, 501621, 501662, 502039, 504507, 504523, 504793, 505505, 505584, 506301, 508460, 509383, 510122, 511358, 511512, 513170, 515144, 516612, 518752, 520485, 523652, 525867, 530649, 530931, 530983, 531982, 532656, 533438, 534209, 536820, 537429, 539317, 541971, 542682, 543329, 544051, 544382, 544831, 545475, 546928, 547248, 547317, 547774, 548975, 549769, 551016, 552437, 552951, 553136, 554621, 556564, 556645, 556667, 557484, 558794, 559677, 560426, 560869, 561798, 562718, 563815, 564553, 567165, 567195, 567746, 568872, 569261, 572100, 574676, 575273, 578618, 579635, 580027, 580438, 580581, 580747, 583088, 584496, 586035, 586340, 587326, 587815, 588804, 589368, 590034, 590639, 590803, 592717, 592722, 593757, 594903, 596371, 597759, 597926, 598143, 598557, 599171, 600854, 601481, 601868, 602510, 602576, 605906, 605981, 606972, 609603, 610313, 610717, 612164, 613011, 613761, 616551, 616669, 616853, 617459, 617801, 618022, 618279, 620018, 620764, 622839, 622983, 625924, 629652, 630065, 632541, 634162, 634795, 635066, 636614, 637530, 641152, 641383, 641670, 642071, 643826, 644957, 646899, 647890, 648666, 649815, 650336, 650575, 650658, 652903, 654960, 657234, 657739, 658214, 658579, 659357, 659759, 664134, 664567, 664617, 665937, 666684, 667243, 668485, 669411, 671239, 674050, 675184, 675871, 676590, 677255, 678514, 678563, 679031, 680573, 681671, 682233, 683523, 685413, 685746, 686373, 687534, 687693, 687771, 687878, 689311, 689361, 690264, 691030, 691202, 691766, 691856, 692469, 692479, 695100, 696296, 696951, 697935, 698126, 699783, 700280, 701296, 701887, 702828, 703690, 703849, 704840, 705289, 705502, 706211, 706319, 707955, 708387, 708480, 712073, 712632, 713113, 713900, 714018, 714321, 715450, 717467, 720447, 721024, 721056, 721437, 721616, 721782, 724470, 725712, 725976, 729742, 730779, 730935, 731964, 732658, 733329, 733776, 734569, 735842, 736041, 736271, 736752, 739083, 739589, 741447, 741709, 742152, 743698, 746173, 746407, 746419, 747755, 748725, 749071, 750939, 751772, 751899, 752079, 753782, 755158, 755238, 755435, 755692, 755791, 755893, 756659, 756825, 756963, 757581, 758300, 760273, 761035, 761510, 762829, 765490, 769043, 769603, 776420, 778912, 779190, 781255, 781279, 782478, 783303, 783958, 784234, 784309, 785126, 785474, 787028, 787218, 787677, 788421, 788606, 789726, 790413, 790824, 792316, 795319, 795683, 797267, 797712, 798169, 802266, 802901, 803003, 803644, 803708, 804032, 804985, 805001, 805149, 805532, 805720, 806247, 806322, 806725, 806879, 807096, 808385, 809016, 809473, 811417, 812373, 814011, 815065, 816167, 817066, 817532, 817801, 819722, 819927, 819972, 821720, 822443, 823958, 825165, 827050, 827622, 827683, 828280, 829530, 829559, 830314, 830601, 832876, 834746, 838147, 838614, 839747, 840961, 842298, 842825, 843583, 847258, 847910, 848171, 850355, 851041, 851213, 852826, 853903, 854782, 855435, 855583, 857341, 857529, 857712, 858458, 859467, 862239, 862531, 865487, 866211, 867339, 867475, 868131, 868388, 869572, 872180, 872550, 873301, 877797, 877869, 878321, 878426, 878609, 880161, 880829, 881823, 881903, 884210, 885213, 885413, 887288, 888592, 888838, 889355, 889822, 890256, 890659, 890896, 891748, 891838, 892321, 893080, 893786, 893803, 897107, 898466, 898550, 900985, 901596, 902135, 903060, 906269, 907982, 908571, 908798, 908974, 909000, 910927, 911555, 912911, 913933, 914094, 915575, 917258, 917627, 918133, 919990, 920262, 922070, 922296, 923079, 923785, 924356, 925666, 926015, 926111, 927875, 928168, 929489, 930221, 932054, 933955, 934341, 934466, 934670, 935125, 936934, 937397, 937660, 938697, 939756, 939889, 940248, 940700, 941014, 942530, 942708, 943480, 943674, 944033, 944209, 945712, 946718, 946896, 948284, 949879, 950048, 951348, 952741, 952969, 953704, 955376, 956387, 956429, 958298, 958467, 959265, 960303, 960659, 960758, 961344, 962651, 963857, 967426, 971587, 971635, 972109, 973113, 975429, 976458, 976648, 978713, 979843, 981617, 981722, 984869, 986719, 987689, 988927, 990039, 990472, 991069, 992717, 993160, 993337, 994794, 994907, 998055, 999800]]


Experiment: Bubble Sort Test Experiment

2
 cd /home/julius/Dokumente/Uni/HPI/Jobs/GFZ/SacredTest && python bubble.py bubblesort_input_dataset.csv reversed 
{'value': 'bubblesort_input_dataset.csv', 'name': 'array_file_path'}
INFO - Bubble Sort - Completed after 0:00:01
