INFO - Bubble Sort - Running command 'bubbleSort'
INFO - Bubble Sort - Started run with ID "590"


Bubble Sort Test Experiment is running for 2 seconds!


Accuracy function: 
Accuracy function: 5

Accuracy function: 
Algorithm still working fine

Accuracy function: 
Accuracy function: 9

Accuracy function: 
Algorithm still working fine

Accuracy function: 
Accuracy function: 12

Accuracy function: 
Algorithm still working fine

Accuracy function: 
Accuracy function: 14

Accuracy function: 
[[2207, 2350, 2395, 2766, 4590, 5214, 5261, 5459, 5698, 7990, 8237, 8445, 8679, 9019, 9102, 11685, 11949, 12262, 12300, 12958, 13315, 15026, 15718, 19897, 23705, 25154, 25557, 26535, 26629, 28219, 28407, 30108, 30206, 32202, 34684, 36796, 36881, 39333, 39567, 39641, 40468, 40602, 41401, 48188, 48701, 49973, 54102, 58657, 58888, 59322, 61086, 61942, 62367, 62391, 63670, 64924, 66042, 66249, 67134, 67156, 67860, 70983, 71579, 71773, 72011, 72900, 74385, 75523, 75776, 76891, 77488, 77633, 77758, 80241, 81002, 81971, 82420, 83884, 84726, 84741, 85346, 86416, 86418, 87284, 89786, 90241, 91345, 94464, 94497, 95185, 95271, 96844, 98845, 99316, 100026, 101370, 101862, 101932, 105118, 105399, 106535, 106632, 110167, 110585, 110896, 111172, 112138, 112775, 114336, 114697, 115700, 117734, 118651, 119797, 120142, 121689, 122006, 122151, 123225, 126647, 126903, 128389, 130205, 130961, 131331, 131495, 133677, 135197, 138562, 138879, 140230, 141638, 144239, 145098, 146254, 147772, 150314, 152021, 154308, 154328, 157087, 157193, 157656, 158282, 158535, 158562, 158783, 161677, 162225, 163058, 163294, 163508, 164467, 164725, 165041, 165310, 165315, 166238, 166979, 167353, 169312, 170252, 171125, 171602, 173174, 173890, 174018, 174202, 174467, 174726, 176184, 177697, 178101, 179056, 180144, 180325, 181225, 181682, 182188, 183832, 185870, 186591, 186942, 191304, 191955, 193760, 194052, 194594, 195795, 196096, 196362, 198147, 198588, 198804, 199387, 201866, 202420, 202879, 203848, 204992, 206243, 206743, 207008, 207414, 207726, 207786, 207881, 208557, 209293, 209607, 211261, 212339, 214805, 215346, 215715, 218217, 220377, 221338, 221634, 223073, 223499, 224319, 224397, 224954, 225390, 225666, 225694, 226057, 227599, 227982, 228936, 229029, 230015, 232741, 233235, 235176, 236408, 237187, 238318, 238783, 239106, 239160, 239451, 239792, 239805, 239868, 241732, 244484, 244671, 245265, 245398, 247410, 248142, 248747, 249651, 250091, 250679, 252212, 252549, 252624, 254105, 254869, 255851, 258282, 260292, 263169, 264023, 265480, 266065, 266344, 267011, 267703, 267773, 270148, 271086, 271163, 271513, 272153, 272880, 274412, 274607, 276399, 277328, 277555, 279036, 279099, 279193, 280284, 280316, 281510, 281662, 282775, 282987, 285557, 286032, 286081, 288344, 289321, 289411, 290947, 291159, 292638, 293131, 293400, 293412, 295109, 295252, 296710, 299482, 299604, 301427, 304418, 304751, 305100, 306656, 307844, 308011, 308068, 308988, 309554, 311244, 311419, 311575, 313509, 314545, 314799, 316558, 318052, 322375, 323296, 323985, 324617, 324917, 327105, 327150, 327682, 327710, 330416, 331543, 332698, 333370, 333564, 334390, 336465, 336763, 336872, 337117, 337355, 337428, 338368, 338649, 338919, 339426, 341364, 345137, 345524, 346022, 346978, 347453, 350039, 350044, 350120, 350992, 351376, 352115, 354221, 355096, 355381, 356660, 357522, 358324, 359262, 359541, 360047, 360594, 361948, 362322, 362555, 363419, 363999, 364534, 365834, 367519, 367695, 369366, 369936, 370948, 372398, 372710, 373546, 373649, 373664, 374745, 377127, 377626, 378870, 380551, 380948, 381451, 381837, 383217, 383556, 383901, 385248, 385538, 389661, 389889, 391144, 392592, 394687, 396589, 397686, 398505, 398739, 400410, 402277, 402769, 403874, 403915, 404254, 404812, 405742, 406655, 407666, 408065, 408380, 408608, 411184, 411505, 413084, 414061, 416708, 416717, 417145, 417720, 418504, 418523, 418539, 418641, 419144, 422875, 425940, 426753, 428106, 428604, 430744, 431484, 432040, 434321, 434829, 436318, 437435, 437647, 439702, 441157, 443147, 443385, 444309, 445365, 446121, 446564, 447741, 448460, 448639, 449146, 449271, 449604, 449978, 451999, 452153, 452387, 452521, 453965, 453988, 454519, 455029, 455491, 456452, 456927, 458399, 458950, 461188, 461544, 462083, 463592, 464803, 464985, 465547, 466983, 467100, 469199, 470710, 472185, 475429, 476770, 476892, 477378, 478248, 478533, 478900, 479023, 480253, 485093, 486197, 486806, 487232, 487385, 487446, 488014, 488112, 488468, 488520, 490623, 491780, 492148, 492955, 494204, 494546, 494706, 495760, 496249, 498034, 498162, 501045, 504551, 506338, 506866, 507466, 508913, 509867, 509979, 510499, 516480, 517045, 520702, 521135, 521630, 522058, 522386, 522833, 524348, 524514, 525847, 525854, 528209, 530043, 531859, 533694, 533961, 533970, 537090, 537562, 537894, 538392, 538416, 539332, 543058, 544043, 544655, 545006, 546566, 547259, 549330, 549482, 552858, 553165, 553222, 553477, 553776, 553901, 555380, 555683, 556151, 560903, 561122, 561323, 561684, 566556, 567123, 567593, 567732, 569144, 569387, 569925, 570257, 570434, 570575, 571578, 571750, 571754, 573059, 573771, 574482, 575236, 575838, 575944, 578439, 579367, 581351, 581380, 581414, 582881, 585085, 585382, 586328, 586577, 588771, 589096, 590124, 590506, 590959, 591064, 592474, 593463, 593866, 594034, 595381, 595970, 597199, 598831, 599297, 600954, 602016, 603632, 605531, 605779, 608514, 608873, 610478, 611695, 611699, 612427, 613532, 616976, 617064, 621321, 623006, 623106, 623196, 623197, 623328, 624060, 625163, 625324, 625963, 626097, 626423, 626529, 629078, 629163, 630710, 635024, 635548, 635597, 635608, 636120, 638500, 642883, 645109, 646683, 647154, 647452, 648773, 648781, 650434, 651923, 652072, 652816, 654687, 655840, 656973, 658719, 659907, 659938, 660774, 662045, 662763, 662844, 664106, 664216, 664730, 665738, 665785, 665797, 666956, 667702, 667839, 667957, 668706, 669363, 670013, 670290, 671481, 672387, 673210, 673580, 675135, 675325, 675338, 677840, 680572, 681053, 684674, 685097, 686059, 688165, 688441, 688467, 688831, 690294, 695794, 696789, 698606, 698677, 701738, 703308, 704480, 704854, 704998, 705486, 706045, 706247, 707409, 709165, 709749, 710263, 710318, 710768, 710850, 710903, 711151, 711236, 711321, 711348, 713227, 713552, 714142, 714376, 714441, 715192, 715241, 716671, 719659, 719799, 720091, 720390, 720670, 720923, 721686, 722671, 723224, 725132, 726699, 727094, 728799, 729538, 730686, 731617, 732742, 734403, 734790, 736775, 738453, 738856, 739168, 739248, 739956, 739991, 744982, 745651, 745674, 750695, 751276, 751880, 752815, 753755, 754919, 755992, 756098, 758961, 759378, 760880, 761656, 763173, 763248, 763644, 766628, 767189, 767673, 767812, 767928, 768819, 770647, 771631, 772354, 775269, 775627, 776000, 777509, 777956, 778157, 778762, 780418, 781464, 784895, 785132, 785595, 786143, 786317, 788117, 788184, 788578, 788792, 789769, 790715, 793183, 794125, 794363, 794373, 796301, 798699, 799726, 800623, 800929, 801045, 801665, 801897, 802600, 803794, 804925, 805261, 810861, 811282, 812393, 813446, 817997, 818453, 819719, 819788, 820158, 821038, 822735, 824043, 825425, 827114, 827725, 827854, 828301, 830975, 833292, 834310, 835562, 835916, 837694, 838461, 838996, 841976, 841980, 843593, 844281, 844855, 846705, 847488, 848268, 848791, 848832, 848889, 849417, 850227, 850978, 851180, 851725, 854971, 856589, 857024, 859671, 859923, 860165, 860979, 861432, 864441, 866175, 866297, 867075, 867437, 867924, 868305, 869411, 870335, 870382, 872250, 874909, 875224, 877903, 879644, 879946, 880579, 882706, 883137, 885759, 886054, 888816, 890675, 891237, 892048, 895668, 896176, 897102, 899421, 899921, 900527, 902353, 904298, 904530, 906372, 906881, 907270, 907659, 907701, 907850, 908514, 909176, 910052, 913497, 913532, 915987, 917092, 917483, 919927, 920548, 921049, 922006, 924094, 925350, 929651, 932239, 932847, 934301, 935647, 937590, 937680, 937766, 938106, 939320, 940865, 945240, 946033, 946351, 947280, 947663, 948168, 949487, 950404, 950418, 950778, 952835, 954707, 956964, 958369, 958949, 959113, 959826, 960264, 960793, 964871, 966723, 967512, 967766, 968523, 968722, 972270, 972426, 974718, 974932, 975043, 975167, 975856, 976578, 976619, 977024, 977579, 978405, 980397, 980571, 981345, 982069, 982301, 982914, 983373, 985537, 986416, 987091, 987411, 989931, 990007, 990893, 991639, 993813, 994032, 995449]]


Experiment: Bubble Sort Test Experiment

2
 cd /home/julius/Dokumente/Uni/HPI/Jobs/GFZ/SacredTest && python bubble.py bubblesort_input_dataset.csv reversed 
{'name': 'array_file_path', 'value': 'bubblesort_input_dataset.csv'}
INFO - Bubble Sort - Completed after 0:00:01
