INFO - Bubble Sort - Running command 'bubbleSort'
INFO - Bubble Sort - Started run with ID "510"


Bubble Sort Test Experiment is running for 3 seconds!


Algorithm still working fine

Loss function:96

Algorithm still working fine

Loss function:93

Algorithm still working fine

Loss function:91

Algorithm still working fine

Loss function:90

[[1690, 1864, 3003, 3064, 4145, 6060, 6840, 7419, 8434, 11675, 14042, 15352, 16166, 16412, 18063, 18318, 18606, 22534, 23578, 24295, 24979, 32148, 32457, 33263, 33399, 34540, 34739, 34885, 35252, 37108, 37872, 40084, 41499, 41531, 42692, 44815, 45144, 46980, 47132, 48732, 49547, 49639, 49746, 51362, 51364, 52869, 54219, 54357, 55281, 55413, 57058, 59030, 59536, 60069, 62572, 62645, 62677, 63144, 65752, 65825, 66393, 67406, 69330, 69978, 70122, 72902, 73905, 74195, 74812, 75648, 75683, 75751, 75758, 75780, 79686, 79721, 80324, 81008, 81318, 84501, 87346, 87784, 88335, 88955, 89593, 89735, 90300, 91019, 92006, 92173, 97280, 99511, 100381, 100649, 101123, 102124, 105033, 105224, 105804, 107991, 108219, 108357, 108834, 112769, 114639, 117052, 117420, 117833, 119658, 119989, 122929, 123620, 123881, 124112, 125007, 127250, 128486, 128976, 129346, 130554, 131106, 132069, 132171, 132551, 132675, 132781, 134986, 135196, 137072, 137822, 142561, 143013, 144178, 145718, 146640, 146674, 146998, 148685, 148993, 149846, 150330, 150741, 152246, 152281, 155199, 155789, 155800, 156256, 156914, 160347, 160661, 161928, 163461, 163504, 163678, 163763, 164662, 167440, 169495, 169767, 170405, 172045, 173574, 179191, 181802, 182521, 183221, 183651, 183882, 184644, 185246, 186229, 187095, 187204, 187573, 188349, 191822, 192998, 194222, 194746, 194751, 195413, 197096, 198643, 199105, 199386, 202212, 202472, 202637, 203175, 203620, 203840, 204536, 205449, 205737, 205968, 208639, 210978, 212777, 212909, 213281, 216485, 217073, 217119, 217159, 217652, 218201, 218384, 218971, 221013, 221453, 221985, 223250, 223482, 224353, 226371, 226936, 227418, 227737, 228848, 230043, 230135, 232460, 232582, 233506, 233539, 233634, 234441, 235237, 235797, 237588, 239330, 239573, 240734, 240877, 243620, 243738, 244018, 246046, 249210, 250783, 251618, 252047, 252883, 253696, 254453, 255404, 256327, 259712, 259916, 262301, 263115, 263654, 265122, 265232, 265302, 268633, 268664, 269479, 269484, 269512, 270701, 270880, 272580, 273838, 273999, 274028, 275188, 280221, 282187, 282666, 283514, 284804, 288206, 291327, 291345, 296932, 297874, 297936, 298210, 298453, 300473, 300555, 301815, 302564, 303484, 304057, 304540, 305180, 305182, 307747, 309035, 310505, 310716, 311272, 311579, 311733, 312218, 312277, 312801, 313881, 314628, 316948, 318041, 318268, 318910, 320178, 320316, 321333, 322530, 322844, 324611, 326412, 327079, 328016, 329130, 330024, 332790, 333216, 333394, 335633, 336291, 338235, 342863, 342916, 343427, 345757, 345831, 347492, 347584, 349103, 350666, 350675, 351794, 352431, 352808, 352859, 354162, 356096, 356931, 357507, 359930, 361936, 363458, 363481, 363490, 364500, 365035, 366057, 366878, 367672, 368685, 369120, 369254, 369605, 370616, 371535, 371830, 374187, 375176, 375464, 375876, 378358, 378396, 379601, 379813, 379903, 380606, 382240, 382676, 384751, 385220, 386286, 386826, 387084, 389088, 389217, 389469, 392860, 393684, 394502, 395294, 396487, 396804, 397164, 398088, 399822, 400603, 401167, 402854, 405021, 405096, 406502, 408147, 408393, 408837, 409423, 411478, 414688, 414951, 414989, 415603, 416007, 416294, 416698, 417844, 419581, 421813, 422395, 422692, 423156, 424719, 425696, 427270, 427609, 427627, 427798, 428228, 431944, 432784, 434567, 434953, 435203, 436635, 438562, 438592, 440605, 444670, 445388, 450207, 450828, 451246, 451695, 452845, 453170, 455237, 455475, 455807, 456057, 458588, 460867, 461448, 462152, 465113, 465689, 467841, 468603, 469177, 469697, 470643, 473187, 473237, 473840, 474669, 475785, 476418, 476715, 476908, 477457, 478304, 478982, 479328, 480056, 481425, 482305, 483227, 484004, 484744, 485155, 485365, 485550, 486496, 486563, 488653, 490582, 490674, 491070, 492781, 493759, 494423, 494683, 495125, 495985, 496270, 497422, 499301, 501283, 501875, 502239, 502932, 503305, 504104, 504393, 506785, 506833, 507391, 507941, 508923, 509406, 509540, 510964, 511038, 512382, 512535, 513559, 514883, 515170, 517586, 518224, 519015, 520601, 522119, 527072, 527495, 528301, 528474, 529091, 529105, 529245, 529479, 529611, 530280, 533579, 534168, 534824, 535290, 535868, 537412, 538527, 539465, 539559, 539747, 542268, 543380, 543469, 545029, 545750, 545843, 546909, 548410, 549765, 550113, 552711, 553010, 554126, 555313, 555532, 556390, 556548, 557464, 557517, 557583, 559803, 559959, 562030, 562304, 562571, 562773, 563126, 563352, 564386, 565212, 566995, 568608, 569582, 573793, 575288, 575456, 576431, 577240, 579190, 581041, 583029, 583978, 584860, 586598, 586979, 588382, 591097, 591447, 593044, 593051, 593592, 593850, 595215, 595646, 595728, 596571, 597964, 599780, 599947, 601584, 601928, 603996, 604380, 605601, 607392, 607580, 612182, 612209, 613197, 613296, 613536, 613852, 617591, 617879, 620072, 623006, 623454, 623510, 623759, 624586, 624725, 625818, 626931, 628252, 628304, 628687, 629440, 629487, 630057, 631503, 632362, 634019, 634475, 634574, 637171, 637767, 639331, 639361, 639728, 640169, 644788, 645661, 645850, 646860, 648620, 649386, 649573, 651777, 655840, 655886, 656310, 659456, 660347, 660932, 661707, 662355, 665162, 666499, 667290, 667310, 669362, 669598, 670453, 670626, 671778, 672196, 673059, 673235, 674838, 679127, 679280, 679375, 679912, 680217, 681090, 681221, 681833, 683207, 683254, 683818, 684106, 684384, 685265, 686153, 686696, 687066, 687909, 696267, 697613, 698567, 699331, 699599, 699653, 702324, 703104, 703530, 705964, 706082, 707311, 707505, 708245, 708958, 709717, 710346, 710500, 711839, 712292, 713523, 713777, 715009, 716313, 717589, 719605, 722065, 722748, 725378, 727402, 728533, 729114, 729515, 731049, 731972, 732491, 734274, 736959, 737605, 737689, 738144, 738943, 740345, 742570, 743356, 744264, 744593, 746676, 747286, 747647, 749712, 750626, 750778, 752708, 753488, 753917, 754334, 755207, 755685, 757183, 758374, 759461, 759679, 759859, 760034, 763014, 763528, 763889, 764815, 764924, 764940, 766571, 767842, 768016, 769155, 769751, 772989, 773180, 773776, 776504, 776522, 777820, 780824, 781375, 782735, 783442, 787234, 787293, 787679, 787873, 788134, 789661, 791417, 792629, 792848, 793439, 793919, 794523, 795147, 795968, 796189, 796538, 796702, 797351, 797374, 797634, 798242, 800425, 804233, 804621, 804889, 805116, 806698, 807903, 810378, 810665, 810980, 810983, 811408, 813470, 813606, 814845, 816320, 816716, 817104, 817936, 819171, 820488, 820807, 821109, 821276, 821292, 823063, 823070, 824428, 826011, 832369, 833129, 833143, 833221, 833807, 834725, 834984, 838318, 838844, 838945, 840218, 840288, 842807, 843010, 843630, 843696, 844328, 847891, 848335, 848645, 848703, 848948, 849540, 850533, 850861, 851445, 852387, 852561, 853474, 856089, 856369, 856974, 857365, 857839, 861567, 863424, 864915, 866938, 867898, 868606, 869245, 869328, 871539, 872060, 872207, 873593, 875005, 876341, 876539, 876968, 877243, 877631, 879201, 882360, 882667, 882706, 883309, 883892, 884370, 884703, 884812, 885002, 885436, 887565, 888555, 889437, 890405, 891187, 891584, 892161, 892231, 892613, 893439, 893452, 895022, 896706, 896737, 897947, 899379, 899925, 900401, 900496, 902987, 904609, 905078, 905330, 905588, 908054, 908378, 908570, 909310, 914369, 915430, 915863, 917204, 921039, 921050, 921202, 921465, 922455, 922647, 924783, 924876, 925176, 926398, 927358, 928563, 929232, 929694, 930386, 932943, 933020, 933526, 934507, 935834, 936586, 937785, 939312, 939607, 939832, 940409, 941954, 942294, 943692, 944492, 945543, 947769, 947837, 948528, 949711, 949775, 950920, 950966, 951021, 952100, 952713, 954139, 954165, 954509, 955180, 955185, 956730, 956871, 957526, 958048, 961127, 962299, 963030, 963154, 963350, 964214, 967862, 968131, 968319, 971104, 972958, 974368, 974539, 974576, 975314, 976144, 976861, 977581, 978016, 978306, 980798, 981075, 984279, 984716, 987087, 989518, 989688, 989795, 989796, 992400, 993683, 994032, 994571, 996402, 996533, 996657, 998388, 998715, 999201, 999291]]


Experiment: Bubble Sort Test Experiment

2
 cd /home/julius/Dokumente/Uni/HPI/Jobs/GFZ/SacredTest && python bubble.py bubblesort_input_dataset.csv reversed 
{'name': 'array_file_path', 'value': 'bubblesort_input_dataset.csv'}
INFO - Bubble Sort - Completed after 0:00:01
