INFO - Bubble Sort - Running command 'bubbleSort'
INFO - Bubble Sort - Started run with ID "515"


Bubble Sort Test Experiment is running for 2 seconds!


Algorithm still working fine

96
Loss function:96

96
Algorithm still working fine

96
Loss function:93

96
Algorithm still working fine

96
Loss function:91

96
Algorithm still working fine

96
Loss function:90

96
[[393, 486, 1448, 1851, 3671, 4100, 6551, 8329, 8705, 9229, 9586, 11157, 13536, 13574, 13745, 14408, 15733, 16467, 17791, 17993, 18961, 20616, 22724, 25161, 26435, 27791, 28902, 29223, 30685, 31212, 31485, 33048, 34971, 37533, 38500, 38539, 39924, 40014, 41660, 41978, 42095, 42627, 42851, 43580, 46600, 47769, 48769, 51536, 52281, 52546, 53320, 53350, 53897, 55062, 55081, 55092, 55780, 57792, 58509, 58857, 60057, 60485, 60908, 61319, 62272, 63623, 66221, 66557, 69472, 69862, 71025, 75062, 76246, 79436, 80448, 80451, 80774, 83164, 86607, 88184, 90122, 90340, 90413, 91895, 92071, 94127, 94591, 94626, 95369, 95910, 95937, 97154, 97334, 98422, 100943, 102287, 102544, 102603, 102884, 103175, 104621, 104814, 105511, 105545, 108571, 111118, 112689, 114094, 114900, 118008, 118372, 118962, 120523, 121285, 123293, 123317, 124925, 125246, 126395, 127171, 129078, 132846, 136222, 136492, 137193, 137598, 138589, 139099, 139629, 139982, 140459, 140519, 140522, 141268, 141706, 141968, 142478, 145031, 145808, 146572, 147381, 147615, 149152, 150311, 152222, 152435, 152606, 153059, 153793, 156195, 156696, 158362, 159330, 159515, 159714, 159979, 160528, 161330, 161347, 162235, 163572, 165396, 165729, 166066, 166890, 167350, 167551, 167722, 167957, 168652, 171101, 171920, 172322, 172453, 172588, 174671, 177853, 178740, 182833, 183240, 184560, 185916, 186523, 187718, 188085, 188155, 188423, 188758, 188919, 191088, 191232, 194608, 194996, 197413, 198515, 199593, 200046, 201560, 202412, 203512, 204132, 206406, 208734, 209966, 212452, 213079, 214540, 215310, 217895, 218941, 220153, 221731, 223118, 225458, 225817, 226906, 227202, 227858, 229787, 233744, 234880, 235182, 236288, 236457, 236541, 238330, 242801, 242881, 244219, 245315, 245602, 245714, 246861, 250013, 250963, 251524, 251555, 251848, 253342, 254001, 254772, 255021, 257129, 257591, 258195, 258231, 259831, 259896, 259905, 261872, 262037, 262267, 264106, 267018, 267477, 269806, 270200, 270323, 273313, 273646, 273712, 275419, 276917, 279488, 279622, 281395, 284109, 285727, 287232, 287741, 288805, 289485, 289575, 290985, 291768, 292910, 293229, 293789, 293927, 294236, 297236, 297283, 298507, 298838, 299206, 300923, 301376, 302604, 304039, 305915, 306316, 306829, 308238, 309462, 309697, 309950, 311130, 311675, 311991, 312085, 312580, 313422, 314999, 315358, 315991, 316367, 316548, 317351, 317429, 321018, 322573, 323765, 323890, 324332, 324689, 327337, 327715, 328752, 329155, 330888, 332254, 332256, 335975, 338469, 341869, 342459, 344329, 344823, 344856, 345342, 345675, 346368, 346765, 349547, 350179, 350576, 350785, 352068, 352273, 352640, 355360, 356135, 358101, 358187, 358232, 360191, 361649, 362327, 362855, 364585, 364778, 365142, 365886, 366964, 367000, 367195, 367861, 368401, 368848, 369261, 370883, 371778, 373945, 375094, 375395, 375920, 376500, 377279, 377336, 378119, 380853, 381656, 384105, 384151, 384483, 385462, 385514, 385832, 386304, 387449, 388594, 390659, 391462, 391717, 392345, 392664, 393505, 395527, 395579, 397340, 399477, 399883, 400101, 401018, 401421, 401960, 403314, 403733, 404375, 404602, 404717, 404831, 406012, 406887, 409032, 409095, 413966, 414312, 415209, 418231, 418469, 419316, 419782, 419929, 420176, 422625, 426788, 427189, 427569, 427735, 427984, 428312, 428832, 429538, 429676, 430533, 431613, 431618, 432746, 433930, 435893, 436158, 436305, 436806, 437548, 438622, 438840, 439212, 439416, 442049, 443354, 445976, 445981, 447072, 447976, 448357, 448563, 451378, 451414, 451762, 451818, 451945, 452244, 452662, 453523, 454267, 455011, 455290, 456024, 456176, 456496, 457249, 458591, 459579, 460428, 460649, 460994, 461251, 461308, 461349, 461607, 462008, 463046, 463764, 464402, 468747, 468755, 469748, 471096, 473297, 473647, 474777, 475071, 475785, 475908, 477983, 479053, 480202, 482471, 482528, 482873, 483191, 485150, 487707, 488468, 490175, 490192, 491120, 491660, 494123, 494270, 494434, 500535, 503118, 503177, 507297, 507833, 510297, 514452, 514733, 515105, 517062, 517204, 522438, 524137, 524186, 526575, 526861, 528182, 528813, 529861, 532275, 533573, 535943, 537423, 539177, 539574, 540059, 540557, 540936, 543429, 543780, 545216, 545353, 546080, 548265, 550585, 550816, 551192, 553405, 554844, 555060, 556053, 556995, 558547, 559061, 559239, 559732, 559855, 561087, 561890, 562126, 562661, 563535, 564983, 565820, 566184, 569015, 569602, 569676, 571506, 572135, 572312, 572825, 573173, 575368, 576190, 578285, 579780, 581381, 581875, 581937, 582805, 583242, 584534, 585763, 586131, 586812, 587556, 587825, 587867, 588224, 590609, 590847, 591725, 593099, 594702, 594834, 595599, 596337, 596418, 597890, 598531, 598702, 599616, 600559, 600753, 601005, 601181, 601512, 602221, 602883, 603017, 603297, 603786, 603978, 605940, 606108, 606143, 606525, 606555, 606597, 607096, 607283, 607549, 607603, 609489, 610829, 610994, 612007, 613969, 614353, 615252, 616796, 619816, 621548, 622232, 622724, 625172, 627440, 631564, 632733, 633375, 633441, 634156, 636107, 636276, 636729, 637635, 638689, 638941, 640949, 642353, 645669, 645783, 647398, 653878, 657833, 658972, 659111, 659242, 660683, 660701, 660710, 660908, 662741, 663369, 666205, 666889, 668230, 668742, 670192, 670955, 675176, 675288, 677895, 678144, 679821, 683044, 685154, 685228, 686559, 689008, 689207, 690624, 692189, 693894, 695965, 697776, 698162, 698310, 699242, 700663, 700750, 701659, 703061, 703956, 704592, 705062, 705296, 705696, 705841, 707816, 711088, 712465, 713026, 713238, 713429, 714242, 714477, 715218, 718583, 718647, 719349, 719390, 719457, 720382, 721193, 722112, 722395, 722703, 723166, 723251, 723522, 723829, 726302, 726327, 727363, 727407, 728386, 730949, 731119, 731354, 732071, 733085, 733269, 734727, 736631, 738712, 738824, 742457, 743845, 746643, 747330, 747457, 748108, 748256, 750534, 750657, 752669, 753908, 754028, 756244, 758605, 759894, 760686, 761033, 761844, 762447, 762635, 763076, 763776, 764674, 764736, 765166, 766874, 766972, 768278, 768830, 769889, 770830, 770860, 771038, 771162, 772346, 773394, 774962, 775680, 776283, 777533, 777537, 780355, 781783, 782379, 783009, 784228, 784265, 784945, 786719, 787179, 787270, 788296, 788773, 789577, 789592, 789919, 791909, 792222, 793485, 793748, 795976, 798116, 798451, 798658, 799890, 801167, 802697, 802818, 803282, 803657, 803735, 803944, 805525, 806447, 806847, 809266, 809670, 810751, 810952, 811028, 812010, 812030, 812102, 812191, 812787, 812933, 813213, 814205, 814894, 815592, 815901, 816395, 816623, 817070, 818630, 818852, 820961, 822361, 823810, 824826, 825830, 825912, 826112, 826163, 826270, 827696, 828301, 829312, 830597, 831136, 831733, 832787, 832817, 833355, 834538, 835769, 836876, 837526, 838836, 841025, 843358, 845648, 845708, 848772, 848974, 849240, 849673, 851786, 853013, 856713, 857150, 857353, 860395, 861263, 862981, 863038, 863192, 863217, 863707, 864096, 864136, 864218, 865150, 865260, 867905, 868424, 868534, 870827, 871596, 871795, 874490, 875976, 876343, 877491, 879210, 880249, 881992, 883422, 883860, 885688, 886332, 887065, 887490, 888693, 888980, 891114, 891258, 891798, 892262, 892671, 893368, 893530, 894623, 895411, 895435, 895437, 896200, 897132, 898888, 902051, 902312, 903097, 904761, 905696, 905756, 906309, 906715, 906849, 907447, 907598, 909150, 909181, 909744, 909778, 909801, 912496, 912800, 913782, 914700, 914917, 915527, 915880, 916688, 918032, 918399, 920309, 921160, 921459, 922191, 923551, 923588, 927158, 927301, 930021, 930949, 931281, 931723, 935278, 935417, 935420, 937233, 937850, 938041, 938768, 939246, 941352, 943176, 945477, 945741, 950378, 951134, 951296, 951879, 953626, 954735, 956572, 957546, 958903, 959101, 965441, 966177, 966856, 967618, 967960, 969003, 969634, 970387, 975471, 976591, 978155, 978195, 980111, 981571, 982017, 982207, 983159, 984140, 985043, 988313, 988330, 989089, 990363, 991211, 995035, 995393, 996024, 996617, 997010, 997434, 997684]]

96

Experiment: Bubble Sort Test Experiment

2
 cd /home/julius/Dokumente/Uni/HPI/Jobs/GFZ/SacredTest && python bubble.py bubblesort_input_dataset.csv reversed 
{'name': 'array_file_path', 'value': 'bubblesort_input_dataset.csv'}
INFO - Bubble Sort - Completed after 0:00:01
