INFO - Bubble Sort - Running command 'bubbleSort'
INFO - Bubble Sort - Started run with ID "531"


Bubble Sort Test Experiment is running for 1 seconds!


Algorithm still working fine
Loss function:
False
Loss function:96
Loss function:
True
Algorithm still working fine
Loss function:
False
Loss function:93
Loss function:
True
Algorithm still working fine
Loss function:
False
Loss function:91
Loss function:
True
Algorithm still working fine
Loss function:
False
Loss function:90
Loss function:
True
[[3128, 5932, 7250, 7377, 10093, 12820, 13251, 13623, 14746, 16746, 19573, 20088, 20155, 20612, 20776, 22467, 23350, 24847, 27410, 27659, 28567, 28892, 29654, 29868, 30355, 31579, 31854, 32712, 32782, 33119, 34307, 35256, 39312, 39478, 41971, 43128, 43908, 44820, 46349, 47828, 48035, 48945, 51144, 51198, 51320, 52050, 52065, 52263, 53051, 53479, 54225, 54660, 54823, 54837, 55464, 55820, 55957, 56014, 56060, 58120, 58925, 59741, 59858, 61365, 62465, 62854, 63320, 63398, 65313, 65668, 67417, 67554, 69740, 71949, 72284, 72327, 72389, 78599, 79362, 79626, 80983, 81674, 82717, 83707, 83856, 84848, 86208, 87043, 88591, 88879, 89037, 89342, 92572, 92610, 93378, 95105, 95589, 95697, 95769, 97892, 99155, 99816, 102241, 102248, 104411, 106410, 107014, 107574, 109857, 110014, 111127, 113098, 115066, 115885, 116061, 117060, 118016, 120302, 122529, 123972, 124434, 125495, 125547, 128012, 129496, 132091, 132807, 133029, 133118, 133499, 134301, 135250, 135882, 136195, 136577, 136785, 137395, 138081, 138157, 139001, 140542, 140678, 143898, 145533, 146540, 147628, 148886, 149171, 149493, 150101, 151281, 152726, 153229, 156400, 156546, 156944, 158983, 159845, 160364, 161256, 161392, 161555, 161815, 162678, 163295, 165483, 166135, 166716, 168290, 168306, 170693, 171469, 172008, 172315, 172573, 172582, 174092, 176644, 177300, 178313, 180123, 181137, 182344, 183979, 184629, 184786, 185726, 185830, 186965, 186969, 187065, 188128, 188807, 189330, 190119, 193433, 194706, 195166, 196915, 198382, 198720, 200866, 202357, 202488, 202759, 202878, 203593, 205296, 207102, 207304, 207406, 208844, 208922, 212221, 212503, 212779, 214248, 214577, 215750, 216149, 218097, 220275, 220326, 221983, 223402, 223945, 224566, 224802, 224957, 227323, 227702, 228033, 228277, 229477, 231377, 231762, 233109, 234182, 234296, 235520, 235814, 236246, 236588, 238833, 241186, 241712, 242694, 242879, 246834, 247705, 247754, 248049, 249757, 250824, 251388, 252222, 253101, 253130, 255013, 257450, 258722, 259691, 259760, 259804, 259832, 259930, 260822, 261728, 263772, 263969, 264133, 264942, 265224, 266083, 267472, 267844, 267957, 273511, 277532, 278698, 281578, 283617, 285571, 286430, 287305, 288378, 288873, 289487, 289488, 289867, 289891, 291259, 292695, 293187, 293542, 294593, 294877, 295908, 296522, 296696, 297069, 299228, 303751, 306175, 306661, 307126, 307304, 310462, 310519, 312154, 312558, 312858, 312947, 313184, 313526, 313890, 314327, 316897, 317191, 318417, 319230, 319729, 319809, 320088, 320344, 321073, 321488, 322624, 323326, 324215, 324864, 326656, 327914, 328506, 330295, 331208, 331622, 331879, 333219, 333931, 334289, 335868, 337463, 338124, 338249, 338308, 339058, 339405, 339495, 340023, 340847, 341315, 341340, 341729, 343016, 344080, 344096, 344107, 345726, 345947, 350768, 352111, 352966, 356195, 356598, 357259, 359231, 359495, 359736, 360360, 360778, 362377, 362951, 363229, 365249, 365533, 365994, 366173, 369239, 369486, 369552, 371874, 371965, 374476, 374816, 375051, 377215, 377511, 378631, 378870, 379183, 379478, 379923, 380336, 381367, 383201, 383237, 383363, 384069, 384858, 384990, 385634, 387375, 388073, 388133, 388568, 391198, 393076, 393594, 396269, 396923, 399005, 399659, 400917, 402381, 403322, 405018, 405661, 405891, 405983, 406690, 408231, 409038, 409578, 409645, 410280, 410941, 411506, 411969, 412514, 413006, 413333, 413860, 414627, 414777, 415161, 415474, 417031, 419668, 419835, 420090, 421317, 422025, 422116, 423193, 424370, 425097, 425955, 426849, 427804, 428185, 430284, 430684, 431323, 432236, 432798, 433283, 433640, 433648, 434112, 434923, 435328, 437177, 437978, 439091, 439566, 440621, 440902, 441085, 442141, 442522, 442715, 442752, 442880, 443776, 444494, 445281, 446000, 449181, 449812, 450662, 454092, 454291, 455657, 456014, 456619, 456841, 457221, 457612, 458383, 461576, 461666, 462481, 462490, 462938, 463342, 464240, 465184, 466267, 467316, 468477, 468728, 469077, 469445, 472211, 472793, 473186, 473788, 477270, 477760, 479501, 481231, 483004, 484022, 485189, 486772, 487272, 488752, 488853, 489046, 490739, 490749, 491393, 491741, 494518, 496586, 497324, 497649, 498427, 500544, 502092, 502415, 503080, 503255, 503496, 504311, 504608, 504876, 504918, 505850, 507407, 507956, 508489, 508521, 510998, 512512, 513271, 514102, 517176, 518846, 519581, 519853, 520270, 520296, 520714, 522224, 522898, 523234, 523463, 523986, 524027, 524028, 525638, 527126, 532464, 532685, 532978, 533226, 536694, 536815, 538753, 539977, 542118, 543066, 543568, 545692, 546712, 548070, 548735, 549239, 549940, 550096, 551440, 551931, 551933, 551996, 553044, 554501, 555508, 556479, 557614, 559039, 559392, 561492, 565351, 567573, 567603, 567867, 567878, 567969, 568969, 570730, 571911, 574046, 574758, 575242, 575813, 576030, 579082, 580617, 581570, 582074, 582230, 583070, 583183, 584142, 585865, 587821, 590028, 590085, 590320, 591412, 591853, 593219, 593713, 594086, 597569, 601025, 602935, 603474, 606964, 607744, 607927, 608595, 608864, 609534, 610062, 611301, 611567, 612152, 612163, 612834, 613678, 613690, 614440, 615124, 617273, 617426, 617528, 618341, 618590, 621304, 622628, 622974, 624749, 625316, 625429, 626336, 627184, 627630, 628172, 628313, 628995, 629516, 629724, 631781, 634610, 636170, 636882, 637265, 639716, 639951, 641166, 641446, 641548, 642020, 642621, 642720, 642847, 644049, 644974, 645646, 645777, 648075, 648388, 650398, 651102, 653554, 656378, 656435, 658083, 658464, 658559, 658678, 659000, 659366, 661566, 662234, 664893, 666310, 667260, 671031, 672818, 674406, 676545, 678602, 678838, 679254, 679287, 681070, 682388, 682636, 682774, 684188, 684591, 684992, 686238, 689152, 689489, 689635, 689962, 691472, 691641, 692581, 692612, 692748, 692837, 692900, 693190, 694959, 696206, 697143, 699386, 702236, 702408, 702599, 706473, 708443, 711316, 712289, 712324, 712416, 715375, 716922, 718216, 719893, 720803, 721765, 722582, 722801, 724072, 724437, 727632, 729300, 730539, 730789, 731137, 732940, 734052, 735855, 738171, 738572, 739103, 739665, 743439, 744168, 744339, 745372, 746126, 746655, 747668, 747752, 749893, 752028, 752593, 753109, 754913, 756644, 760626, 761133, 761170, 761605, 763262, 765238, 765329, 765876, 766649, 767665, 768721, 770604, 773774, 774995, 775198, 777601, 778647, 779831, 779859, 782633, 784440, 786255, 789492, 789668, 791062, 793225, 793478, 794247, 794434, 794705, 796408, 797543, 797786, 799567, 800040, 800177, 801247, 802101, 802682, 804525, 805810, 806490, 807509, 808878, 810748, 812220, 812226, 813170, 813772, 814070, 815303, 815439, 815898, 816329, 816584, 816857, 817944, 823416, 823836, 824177, 824621, 825460, 827344, 828837, 831248, 832587, 833630, 835515, 839143, 840004, 840605, 841060, 841253, 842763, 843219, 844431, 845863, 845989, 849752, 851759, 852377, 853190, 853734, 854201, 854390, 854531, 855263, 856538, 858791, 862338, 862497, 862833, 863610, 863899, 864317, 866895, 866952, 867263, 868525, 869602, 869964, 874877, 875405, 875975, 878327, 879085, 879313, 879752, 879976, 880365, 880416, 880913, 883156, 884088, 885040, 885167, 886406, 890065, 890482, 890591, 890612, 890699, 890790, 892088, 892369, 892479, 892775, 892995, 894413, 895303, 895327, 896837, 897855, 898416, 901487, 901655, 901834, 902068, 902622, 904162, 905807, 906615, 907059, 909625, 914267, 914928, 916672, 920691, 921064, 922043, 922233, 925650, 927907, 928919, 930330, 930597, 931501, 932442, 933878, 936075, 937540, 937893, 940856, 941668, 941955, 942264, 946103, 946687, 947497, 947701, 949445, 949505, 953071, 953782, 954696, 955327, 955605, 955919, 956617, 957865, 957929, 958274, 959169, 959292, 962017, 963151, 963474, 964978, 965286, 969219, 969853, 970083, 971369, 971992, 972284, 972324, 973852, 974325, 974540, 975771, 976107, 978081, 982802, 983356, 983371, 983408, 983433, 984137, 984147, 985950, 985971, 988890, 989992, 990882, 991008, 991856, 994425, 994644, 997476, 998016, 999077, 999306]]
Loss function:
False

Experiment: Bubble Sort Test Experiment

2
 cd /home/julius/Dokumente/Uni/HPI/Jobs/GFZ/SacredTest && python bubble.py bubblesort_input_dataset.csv reversed 
{'name': 'array_file_path', 'value': 'bubblesort_input_dataset.csv'}
INFO - Bubble Sort - Completed after 0:00:01
