INFO - Bubble Sort - Running command 'bubbleSort'
INFO - Bubble Sort - Started run with ID "518"


Bubble Sort Test Experiment is running for 2 seconds!


Algorithm still working fine
Loss function:96
Algorithm still working fine
Loss function:93
Algorithm still working fine
Loss function:91
Algorithm still working fine
Loss function:90
[[1354, 1361, 1569, 4584, 5107, 5472, 6859, 7329, 8831, 9167, 9291, 10188, 10223, 10665, 10931, 13628, 14775, 15306, 16052, 19686, 21588, 21869, 22387, 23107, 26100, 26668, 26743, 27517, 27914, 28008, 28699, 30365, 30989, 32934, 34120, 34556, 35390, 38983, 40941, 41408, 44078, 44169, 44547, 45037, 45356, 46324, 47191, 47337, 47528, 48505, 49072, 49122, 50127, 51831, 52034, 54134, 56362, 57398, 58637, 60631, 60676, 61275, 65488, 66414, 70869, 71750, 72044, 76153, 76202, 76416, 76963, 77005, 77826, 78074, 78295, 79536, 80060, 80102, 80865, 81022, 81794, 84877, 86209, 86838, 87774, 88171, 88533, 89195, 91529, 91791, 92989, 93117, 97806, 98175, 98689, 99908, 100173, 101871, 103351, 103626, 103963, 104238, 105414, 107153, 107908, 107975, 109438, 109628, 110754, 111456, 111458, 112025, 115806, 116592, 117459, 118237, 121539, 121983, 123616, 125785, 126209, 128696, 130288, 132981, 133634, 133965, 134293, 134740, 134808, 137224, 137483, 139452, 140955, 142518, 142737, 144725, 145274, 146943, 147692, 148416, 148598, 149043, 149461, 149655, 151172, 153141, 153954, 155608, 155667, 156171, 156586, 156860, 157323, 157521, 161221, 162724, 162900, 163328, 164312, 164743, 164861, 166273, 166810, 168764, 168776, 169251, 169451, 170725, 170864, 170972, 174423, 174724, 174848, 174856, 174945, 175420, 175926, 175944, 177160, 177306, 177715, 177833, 178607, 179082, 180330, 181903, 183225, 183255, 183586, 183989, 186619, 186659, 187499, 189571, 191599, 192707, 194005, 195204, 195661, 196500, 196549, 197729, 197852, 198454, 200831, 202149, 202382, 206411, 206578, 206700, 207165, 210260, 213627, 213889, 215323, 215368, 215507, 219109, 219391, 225005, 226808, 227426, 227447, 228017, 228562, 228704, 229000, 229017, 230893, 231449, 233408, 234027, 234073, 234659, 235384, 235943, 236476, 240220, 243618, 243863, 243944, 244470, 244880, 250028, 250046, 253533, 254382, 254979, 255327, 255989, 256407, 257854, 258094, 258518, 259114, 259479, 259557, 259927, 260291, 260561, 261439, 261687, 261846, 263873, 264178, 266228, 269497, 270607, 272575, 272619, 273153, 273584, 274360, 275185, 276545, 276939, 277451, 278672, 278887, 279736, 282504, 283613, 284473, 284503, 285594, 287200, 287247, 288385, 288537, 288550, 288867, 288948, 289127, 290426, 292030, 292249, 292363, 292632, 292767, 293618, 293945, 294685, 296738, 298477, 299379, 299562, 299937, 300287, 301756, 305183, 307236, 307622, 307958, 308424, 308671, 308880, 310352, 312465, 312857, 314092, 315124, 315867, 316372, 317578, 318031, 319050, 321390, 322205, 322280, 322436, 323278, 323613, 324926, 324948, 325063, 326341, 328461, 330606, 330670, 331646, 331675, 335725, 336060, 336610, 337591, 339459, 341704, 343010, 343466, 345466, 347053, 348535, 349106, 353049, 353115, 354314, 354834, 356438, 357347, 360203, 360723, 361807, 362279, 362986, 364435, 366510, 367602, 368535, 369222, 369539, 370127, 371337, 371391, 372357, 373944, 375393, 375446, 376464, 377313, 377597, 377878, 381017, 381231, 381825, 381890, 382885, 383429, 384916, 386687, 390085, 392111, 393277, 394943, 397491, 398937, 399264, 399346, 399807, 400695, 401717, 401784, 403679, 405136, 405654, 408545, 414466, 415119, 415769, 416074, 417005, 417040, 419009, 419394, 419634, 420341, 421591, 421783, 422082, 423549, 424543, 425904, 426105, 426694, 426748, 428028, 428062, 428068, 430974, 432812, 434529, 435711, 437275, 437651, 438410, 439474, 439929, 440406, 440636, 441006, 442330, 442560, 442620, 443911, 443935, 444264, 446900, 447104, 447161, 447653, 447766, 450392, 451893, 452506, 455334, 455799, 456421, 456552, 456904, 457727, 457742, 458289, 459582, 460557, 461368, 463869, 464627, 464946, 465073, 466407, 466897, 467818, 468953, 469256, 471048, 471079, 473322, 474130, 474548, 475365, 475529, 477528, 477763, 478393, 478804, 479792, 481842, 483086, 483931, 484871, 486053, 486521, 490581, 491063, 491730, 492037, 492470, 492537, 493947, 494661, 494927, 496421, 496808, 497208, 498161, 498532, 501436, 501658, 502676, 505169, 505807, 505908, 506154, 506898, 507213, 508796, 509120, 510747, 510829, 511556, 511787, 512706, 514565, 515694, 515788, 516331, 517008, 517030, 517051, 519858, 520458, 521967, 525369, 525478, 527614, 529906, 530581, 531728, 533768, 534504, 535222, 535509, 536363, 537185, 538485, 538520, 539817, 541849, 542279, 543904, 544563, 545401, 548138, 548514, 548585, 549547, 549568, 550018, 551049, 551508, 552661, 553795, 555422, 555678, 556346, 558761, 559018, 559144, 559276, 559498, 562020, 563841, 565769, 567478, 569318, 572122, 573041, 573308, 574155, 577135, 577941, 578086, 578792, 579027, 580888, 580910, 582787, 585261, 587396, 589371, 592202, 593737, 593927, 594029, 594287, 594810, 595652, 596890, 597327, 598720, 598971, 599128, 599304, 599333, 599736, 601196, 602141, 602349, 602975, 603490, 603869, 604638, 606408, 606736, 606795, 607328, 607362, 609615, 610706, 611713, 614740, 614924, 615779, 616409, 616788, 617060, 618308, 618866, 619023, 619445, 620186, 620917, 621571, 622074, 622125, 622941, 623009, 623287, 623744, 623901, 624001, 624767, 625207, 625941, 626369, 626404, 629675, 630120, 630495, 630560, 630790, 630869, 631722, 633352, 633699, 633755, 635184, 636921, 637378, 637549, 638239, 638687, 640292, 641596, 642383, 642794, 642837, 642861, 642933, 643880, 646230, 647264, 648278, 650031, 650141, 653364, 653639, 653824, 653894, 654449, 657018, 657359, 659161, 660487, 661056, 662831, 662940, 663536, 664483, 665533, 666595, 667631, 667638, 671876, 672911, 673025, 673677, 675675, 676589, 678082, 679270, 680913, 682339, 682537, 682848, 685219, 687452, 688149, 689682, 690013, 690565, 692804, 694809, 695341, 695752, 697243, 698769, 699182, 701774, 703225, 705024, 710404, 713639, 713947, 714019, 714352, 714668, 714837, 715564, 717124, 720428, 721364, 721442, 722466, 722771, 723087, 724092, 731637, 734008, 735293, 736565, 737142, 737679, 745457, 745924, 746335, 746776, 747193, 747215, 750372, 750373, 750907, 751168, 752840, 753257, 754438, 754880, 755222, 758206, 759898, 760243, 760329, 761533, 762976, 765031, 765886, 766413, 767515, 768109, 768367, 769881, 771281, 774209, 775980, 776045, 776754, 776979, 777440, 778884, 779700, 780582, 780766, 783255, 783722, 783864, 784175, 784732, 785898, 786474, 786818, 786895, 786950, 787165, 787813, 788179, 789446, 791175, 791432, 792276, 793817, 794132, 794188, 795130, 797313, 798004, 799074, 799279, 800436, 800748, 801312, 801629, 801868, 802681, 803536, 804126, 804886, 804951, 805220, 805489, 806160, 806906, 808951, 809188, 810656, 810669, 811437, 811689, 811889, 814708, 815501, 816513, 816784, 817949, 818164, 820043, 820274, 824343, 825205, 826129, 827312, 831169, 831534, 831583, 833584, 834799, 834885, 835423, 835907, 836427, 837835, 839893, 841014, 842434, 842673, 843009, 844142, 844301, 847180, 849209, 849455, 849996, 850002, 851688, 854906, 856252, 857243, 857853, 858768, 860068, 860272, 860501, 861562, 864945, 866548, 867727, 868145, 869770, 871952, 873441, 875614, 878481, 878752, 879253, 880973, 883266, 883437, 885773, 886664, 887062, 887437, 887717, 889329, 889938, 890849, 891197, 891728, 892201, 896194, 897311, 897886, 897956, 899069, 902598, 903393, 904402, 905628, 905911, 906127, 906681, 907781, 908465, 908677, 916053, 916107, 919364, 921026, 924790, 926193, 928049, 929487, 929803, 930692, 932040, 932183, 933006, 933059, 934774, 934778, 935223, 935456, 935798, 937075, 937278, 937368, 938055, 940003, 940015, 941083, 943181, 945385, 945393, 945610, 945768, 947744, 947803, 948028, 948988, 949390, 949804, 950057, 950095, 950136, 950929, 951382, 951613, 951664, 952405, 953999, 954132, 954827, 955216, 958206, 958457, 959098, 960040, 960344, 960845, 963351, 963750, 964741, 965281, 966576, 967853, 970252, 970397, 970455, 970869, 970946, 974498, 974682, 975972, 976363, 981122, 982401, 982465, 983330, 985291, 986777, 988548, 988654, 990205, 990596, 990884, 992997, 993281, 993783, 994812, 994947, 999056, 999130, 999220]]

Experiment: Bubble Sort Test Experiment

2
 cd /home/julius/Dokumente/Uni/HPI/Jobs/GFZ/SacredTest && python bubble.py bubblesort_input_dataset.csv reversed 
{'value': 'bubblesort_input_dataset.csv', 'name': 'array_file_path'}
INFO - Bubble Sort - Completed after 0:00:01
