INFO - Bubble Sort - Running command 'bubbleSort'
INFO - Bubble Sort - Started run with ID "546"


Bubble Sort Test Experiment is running for 1 seconds!


Algorithm still working fine
Loss function:
False
0
7
Loss function:96
Loss function:
True
1
7
Algorithm still working fine
Loss function:
False
2
7
Loss function:93
Loss function:
True
3
7
Algorithm still working fine
Loss function:
False
4
7
Loss function:91
Loss function:
True
5
7
Algorithm still working fine
Loss function:
False
6
7
Loss function:90
Loss function:
True
7
7
[[904, 1908, 3556, 3888, 4117, 5716, 6771, 7013, 7751, 12235, 12644, 13520, 13627, 13904, 15371, 15456, 15871, 15906, 15912, 19178, 19346, 19823, 20729, 22427, 22746, 26146, 26984, 27402, 27710, 28532, 29290, 29389, 30024, 32872, 37191, 37269, 37701, 40151, 40497, 40511, 40638, 44093, 44346, 44351, 44882, 45844, 45845, 46103, 46904, 47316, 47501, 47769, 47837, 50127, 50412, 51454, 52353, 52751, 53246, 54174, 57126, 58418, 62144, 63334, 64680, 66987, 67977, 68238, 70279, 72204, 75789, 76116, 76764, 81696, 82204, 82834, 83976, 86326, 88795, 88942, 90173, 93253, 94702, 94803, 94908, 94915, 95736, 96181, 96923, 100173, 100187, 100281, 101027, 101280, 101508, 101871, 101913, 103224, 103318, 103340, 104226, 104934, 106797, 107473, 109093, 112731, 112958, 113053, 114513, 116895, 116996, 117048, 117389, 117894, 118545, 120060, 120776, 121703, 124216, 124544, 126565, 128019, 128067, 128228, 129473, 131762, 133257, 134434, 136175, 136480, 136736, 141249, 144628, 145904, 147036, 148137, 149766, 149788, 150471, 150782, 150819, 151072, 151848, 152335, 154073, 157311, 157620, 160421, 160729, 161258, 161695, 163738, 164326, 164335, 166773, 167689, 167720, 169439, 169616, 173878, 175417, 175449, 176045, 176581, 176775, 177683, 178692, 178937, 178996, 182331, 182693, 183139, 185239, 186185, 186449, 187455, 188645, 188744, 190123, 195368, 196534, 197164, 198429, 200435, 200503, 201033, 202032, 202185, 202608, 203846, 205700, 207978, 208231, 208738, 209037, 212306, 213756, 215632, 217368, 217447, 217526, 217725, 217783, 218478, 218602, 218805, 222366, 223504, 225030, 225222, 226491, 226732, 230355, 231570, 233956, 234144, 237557, 238916, 239197, 239342, 241378, 241503, 241882, 243178, 244848, 245368, 245471, 245596, 250415, 253081, 253888, 254752, 255057, 255438, 256312, 258497, 260659, 261418, 262698, 264269, 265584, 265703, 265799, 266111, 266903, 267090, 267497, 268645, 268655, 269111, 269448, 269569, 270566, 271647, 273122, 273250, 273459, 273741, 275410, 276206, 276336, 277259, 277647, 278278, 279041, 279108, 280505, 282932, 283222, 283730, 283947, 285805, 286151, 287664, 288795, 289030, 289957, 291733, 292319, 293242, 297270, 297771, 298490, 298710, 299032, 299815, 300255, 301762, 303566, 305056, 306894, 307061, 309963, 309997, 310080, 310724, 311261, 312370, 312587, 312894, 313098, 314796, 314999, 320258, 320979, 321103, 322020, 322106, 323800, 326411, 326525, 328052, 328661, 330287, 330493, 331096, 331532, 332667, 333054, 335126, 335592, 337921, 339409, 339888, 340428, 340926, 341559, 343180, 343371, 344574, 345076, 345871, 346253, 347068, 347709, 350996, 351504, 351736, 351797, 351829, 352845, 355341, 355821, 356024, 356310, 356415, 356972, 358448, 361223, 361225, 363040, 363139, 364185, 364952, 365068, 371133, 371375, 371682, 375027, 376720, 379798, 379799, 380165, 382486, 382759, 382859, 384397, 384688, 385032, 387167, 387512, 388027, 388929, 391738, 392171, 395262, 397890, 398525, 398860, 401926, 403213, 403668, 404480, 404586, 405792, 406548, 407067, 407272, 408139, 408964, 410011, 410576, 414077, 414720, 414799, 415316, 415969, 416533, 418729, 419601, 421758, 421802, 422010, 422070, 425301, 425910, 425925, 426320, 426843, 427665, 429083, 429474, 429528, 429625, 429982, 430426, 431335, 431879, 433685, 434008, 434985, 436360, 439351, 441346, 442221, 442607, 443648, 443770, 445443, 447113, 447618, 451575, 451758, 452628, 452869, 453543, 453800, 453936, 454716, 455196, 457313, 457569, 457798, 458338, 458419, 462232, 462890, 464188, 464372, 464529, 466082, 466218, 467393, 467418, 467580, 469518, 474037, 474378, 474643, 474721, 476327, 476656, 477177, 477533, 479519, 480124, 482008, 484762, 484867, 485810, 485942, 487521, 488700, 489262, 490029, 490781, 492175, 492232, 492251, 492515, 492728, 493254, 493548, 494273, 495503, 500161, 500166, 501880, 503110, 503690, 503738, 504955, 507283, 507709, 510585, 510884, 511012, 512211, 514818, 515119, 515202, 517146, 519235, 521718, 522028, 523162, 524446, 524505, 525107, 525713, 527388, 531167, 531742, 533901, 534284, 534467, 534678, 535793, 538446, 538648, 539733, 541233, 541300, 541803, 541870, 542546, 543046, 543879, 544503, 546779, 547681, 547888, 549505, 549872, 552165, 552385, 555685, 556273, 557298, 559069, 559381, 560117, 562648, 563032, 563125, 566937, 567285, 568081, 568307, 570389, 570797, 572803, 574845, 575321, 575895, 575904, 582383, 583797, 585082, 587189, 587919, 589219, 589280, 591578, 592768, 592924, 593212, 593957, 594033, 594198, 594602, 595845, 596057, 596493, 597240, 597728, 599343, 600225, 600365, 602012, 602604, 602999, 603030, 603224, 606076, 606932, 607085, 607120, 607604, 607702, 607915, 609831, 610677, 611994, 613566, 614840, 618523, 618943, 619029, 619284, 619320, 622016, 622695, 623481, 623724, 627211, 629470, 630446, 632647, 632812, 633050, 633832, 634126, 634995, 638182, 640544, 640832, 643316, 643608, 643878, 645677, 645724, 646696, 646838, 648120, 648885, 650515, 652557, 652751, 653328, 653542, 653570, 654018, 654802, 655322, 656269, 658155, 658443, 658521, 659040, 659048, 660050, 661278, 661453, 663864, 664338, 665818, 665913, 667086, 667503, 667878, 668972, 670028, 670988, 672202, 673339, 673950, 679301, 679576, 680183, 681297, 681997, 690285, 690303, 693134, 694083, 694242, 694805, 696140, 696992, 697582, 700108, 701098, 702014, 702132, 702577, 703353, 704974, 705072, 707375, 707985, 708853, 708869, 710412, 710718, 711052, 711462, 713091, 714592, 714774, 714826, 715139, 715265, 715373, 715809, 718817, 720791, 721510, 726493, 727823, 728624, 731265, 731369, 732985, 733286, 734743, 736242, 738307, 739506, 740313, 740521, 742431, 742712, 744271, 745005, 746731, 749981, 750053, 750636, 752300, 752798, 755603, 755824, 757332, 758363, 758699, 762436, 762590, 763262, 763720, 763907, 765590, 770240, 770333, 770517, 770834, 771032, 771487, 772719, 773021, 774350, 775303, 778074, 778622, 779057, 779635, 780003, 780680, 781244, 781384, 781728, 784573, 785252, 786563, 786942, 787708, 787998, 789379, 792004, 792115, 792835, 795972, 796312, 796316, 798357, 798526, 798792, 799714, 801225, 801810, 802012, 802207, 802448, 806259, 806502, 806519, 807433, 807641, 811677, 811957, 813086, 813324, 813837, 813850, 815264, 816496, 816997, 817679, 819162, 821138, 821953, 823007, 824586, 825904, 826613, 826851, 827120, 828081, 828181, 828398, 829097, 830357, 831151, 831600, 831832, 832684, 832856, 834393, 834472, 834979, 835818, 836902, 838419, 838699, 838805, 838822, 840663, 842371, 843094, 843818, 844339, 848454, 849190, 849803, 851594, 851865, 852409, 852423, 854784, 855391, 855943, 856289, 856442, 856743, 857804, 858365, 858444, 858919, 859459, 861009, 862034, 864011, 864232, 866498, 866550, 867362, 867555, 867685, 868431, 868812, 869734, 870497, 870525, 870715, 871717, 871816, 871842, 872595, 873199, 873361, 873787, 874297, 876708, 877440, 878057, 878515, 879533, 880868, 881142, 881324, 881686, 882078, 882704, 883459, 883735, 884104, 884584, 884642, 886711, 890104, 891128, 892563, 893395, 894471, 895735, 897037, 897807, 898670, 899645, 900924, 902378, 902746, 903767, 904049, 904524, 905387, 906315, 906797, 906843, 907540, 907594, 909115, 916235, 916351, 916447, 917164, 919866, 920095, 920858, 921967, 924668, 924780, 925121, 925159, 925997, 928056, 929454, 930393, 930758, 930771, 930976, 931816, 932224, 933062, 933485, 934421, 935865, 943261, 943984, 944024, 946102, 950952, 951025, 951687, 951763, 953644, 954554, 955149, 955317, 955415, 956263, 956504, 957279, 957526, 957622, 958957, 958982, 959278, 960099, 960242, 960254, 960297, 960377, 960931, 961727, 962127, 964114, 964252, 964503, 965287, 965342, 968810, 969761, 970293, 972879, 973137, 973604, 973923, 975027, 976228, 978082, 979087, 980329, 980924, 980971, 981081, 981941, 982290, 982980, 983315, 984148, 985274, 987001, 988398, 988540, 989341, 989369, 989491, 989619, 990552, 992243, 993794, 993958, 996045, 996289, 996520, 996800, 997953, 998247, 998882]]
Loss function:
False
8
7

Experiment: Bubble Sort Test Experiment

2
 cd /home/julius/Dokumente/Uni/HPI/Jobs/GFZ/SacredTest && python bubble.py bubblesort_input_dataset.csv reversed 
{'value': 'bubblesort_input_dataset.csv', 'name': 'array_file_path'}
INFO - Bubble Sort - Completed after 0:00:01
