INFO - Bubble Sort - Running command 'bubbleSort'
INFO - Bubble Sort - Started run with ID "540"


Bubble Sort Test Experiment is running for 2 seconds!


Algorithm still working fine
Loss function:
False
0
Loss function:96
Loss function:
True
1
Algorithm still working fine
Loss function:
False
2
Loss function:93
Loss function:
True
3
Algorithm still working fine
Loss function:
False
4
Loss function:91
Loss function:
True
5
Algorithm still working fine
Loss function:
False
6
Loss function:90
Loss function:
True
7
[[167, 3849, 5844, 5849, 6376, 8458, 10122, 10135, 10476, 11420, 11827, 12044, 17214, 18451, 22180, 22643, 23290, 25915, 26525, 26863, 28723, 29416, 31909, 32447, 34201, 35359, 35662, 35995, 36236, 37827, 40532, 40598, 41863, 42434, 43649, 47070, 52050, 52188, 53045, 55010, 55290, 55550, 55661, 57700, 58054, 58435, 60915, 63357, 66190, 68293, 69065, 71341, 71791, 71894, 72576, 73484, 74269, 76121, 76367, 76609, 78231, 78276, 78541, 79799, 80534, 81292, 82070, 82678, 82732, 85650, 86061, 86415, 87103, 88081, 90726, 91149, 93210, 94851, 96485, 96725, 97339, 97989, 98640, 99408, 99779, 100100, 100243, 101379, 101720, 101844, 104720, 105869, 106131, 106306, 107479, 111495, 111785, 114018, 114927, 115075, 115808, 117247, 118171, 118746, 119823, 120307, 121285, 122177, 122726, 124512, 124896, 126307, 126808, 128003, 128036, 128516, 129280, 129329, 129845, 129997, 130435, 130654, 132202, 133811, 133979, 134490, 136593, 137259, 139632, 139636, 140191, 141033, 144405, 144584, 145370, 146477, 146754, 147472, 148202, 148736, 149344, 150388, 150740, 151134, 152490, 153742, 154884, 155497, 156671, 158780, 159090, 161318, 162384, 163817, 168591, 169244, 170149, 171217, 175882, 175990, 176788, 177207, 180243, 182429, 183472, 185748, 187239, 188101, 188867, 189783, 190104, 191425, 191483, 192828, 193805, 194394, 195246, 195389, 195795, 197402, 197823, 197887, 199451, 199641, 200701, 201329, 202199, 202415, 202567, 202815, 202940, 203275, 203740, 204201, 205684, 205729, 206894, 206939, 207881, 211046, 211587, 212333, 214596, 215957, 217333, 217445, 218581, 219285, 220409, 222303, 222887, 224611, 225002, 225269, 226023, 227403, 228161, 228850, 229368, 230109, 230598, 231329, 232187, 234212, 234661, 235879, 237296, 237725, 237916, 238806, 239576, 239652, 240037, 240390, 240963, 241303, 241845, 243590, 244039, 245022, 249124, 249828, 250256, 250335, 251489, 252095, 252183, 252813, 253547, 256117, 256311, 256406, 257647, 258887, 259614, 261382, 262186, 262461, 262889, 263909, 263976, 265602, 266264, 266899, 268268, 268693, 269623, 270753, 271114, 272637, 272753, 273944, 276179, 276446, 277588, 278155, 279045, 280124, 281951, 282819, 283421, 284154, 284890, 285077, 285498, 285968, 287146, 287581, 288969, 288986, 289797, 292412, 293173, 294809, 295806, 295858, 300019, 300341, 302015, 302178, 302545, 305224, 308062, 310623, 310671, 311358, 312107, 312189, 312622, 313452, 313531, 313759, 316794, 317114, 317815, 318111, 319961, 321580, 323662, 324368, 325201, 326696, 327401, 327563, 329724, 330365, 330692, 331111, 331844, 333838, 335013, 335135, 337463, 337875, 338133, 340389, 341258, 343557, 344233, 344500, 344570, 345211, 345739, 346261, 346357, 347645, 348699, 349110, 349431, 349603, 350459, 350895, 352684, 355521, 358948, 359340, 360031, 360633, 361368, 361920, 361925, 362485, 362866, 364830, 367880, 368206, 368289, 368656, 369524, 370379, 371188, 371308, 371506, 373697, 374396, 375123, 376585, 377598, 377878, 379034, 380086, 380559, 380843, 381990, 382385, 383350, 386296, 387760, 388569, 389840, 389870, 391905, 393216, 394123, 394186, 394536, 395965, 400247, 401440, 402076, 404966, 405970, 406042, 406055, 407402, 408536, 408620, 409498, 409865, 410762, 411475, 411797, 412824, 415411, 418210, 419355, 419365, 419786, 419797, 421779, 422131, 422230, 423800, 423869, 424788, 425333, 427422, 428703, 429113, 430447, 430769, 430934, 432274, 433317, 436508, 437495, 438209, 438788, 439432, 440444, 440829, 440870, 443218, 443408, 443441, 443576, 445574, 446635, 448404, 448704, 449178, 449687, 450549, 451395, 451990, 452427, 452870, 453727, 453837, 454776, 456578, 457544, 458590, 459766, 460202, 460381, 460903, 461118, 461800, 461895, 464161, 464462, 465171, 466440, 467471, 467680, 468237, 468386, 469402, 470543, 471181, 472332, 473402, 473486, 476153, 477919, 478823, 479187, 479227, 480648, 482875, 482928, 483114, 483666, 484108, 485608, 486032, 487972, 489259, 489852, 492055, 492207, 492763, 495541, 495739, 497365, 499881, 500232, 500241, 501761, 503690, 503709, 507495, 511810, 512297, 513317, 514521, 514823, 515040, 515384, 516398, 518429, 520962, 522360, 522682, 523193, 523728, 524084, 524095, 524275, 524926, 525246, 525530, 525711, 526622, 526852, 526854, 528778, 529791, 531326, 531856, 532361, 532709, 533140, 533394, 534116, 535246, 535317, 535734, 536565, 537757, 537762, 539186, 539424, 540341, 540734, 541062, 541494, 541610, 541869, 542081, 542242, 542361, 542610, 542993, 545265, 548279, 548618, 548885, 550478, 550608, 552009, 552284, 553735, 554775, 555392, 556758, 558667, 558865, 559215, 562400, 562510, 565381, 569478, 570246, 579584, 579871, 581723, 582017, 582843, 583975, 584664, 585079, 585500, 585671, 585691, 586485, 587277, 587971, 589196, 589908, 591896, 592735, 593200, 594441, 598155, 598578, 599953, 601018, 601070, 604124, 605891, 606207, 606728, 608582, 610417, 610840, 612854, 613046, 614298, 615657, 616151, 616228, 619139, 620552, 622630, 623477, 623487, 624360, 625362, 626109, 628767, 629593, 630025, 630980, 631282, 633055, 633925, 634973, 635038, 635459, 636474, 636930, 636959, 637930, 638282, 639003, 639945, 640432, 640512, 641708, 642635, 642975, 643430, 643899, 644134, 644580, 644682, 646982, 647198, 647572, 647700, 648329, 650093, 650214, 650460, 650505, 650576, 652066, 653544, 653635, 654137, 654315, 654480, 655325, 655499, 656322, 657675, 658207, 658996, 659021, 659333, 660062, 660222, 662907, 665533, 666873, 668261, 668395, 669710, 670201, 671401, 675247, 678586, 679686, 679972, 680318, 680640, 681957, 684356, 685794, 688162, 688591, 689197, 691629, 692258, 692491, 693112, 693789, 694453, 694856, 695029, 695418, 696257, 697326, 700925, 702120, 703093, 704002, 704634, 705554, 706827, 706971, 707949, 712028, 713126, 713858, 714156, 717255, 718872, 719415, 719544, 719546, 720440, 720808, 721621, 723708, 723915, 724683, 724737, 724827, 725968, 727307, 727532, 728367, 729141, 729595, 729640, 729697, 729743, 731828, 733402, 733507, 733698, 733802, 736975, 737990, 738370, 739465, 746262, 746643, 747177, 747689, 748326, 750149, 751662, 752203, 753395, 754519, 755866, 757835, 758903, 759796, 760147, 760438, 760553, 764160, 764500, 764599, 764830, 766639, 769095, 769745, 771241, 772287, 773135, 779347, 780008, 780749, 781283, 782031, 784334, 784531, 785186, 786468, 786517, 786633, 787335, 787903, 788048, 789192, 790465, 793017, 794272, 795951, 796021, 796829, 797026, 799803, 803178, 803237, 805760, 806722, 808436, 808596, 809876, 811601, 814509, 817719, 820493, 821424, 823353, 824869, 826435, 827596, 827952, 828524, 828857, 828885, 830006, 831452, 832076, 832196, 833647, 833740, 834323, 834366, 836042, 836203, 837098, 838403, 839105, 839138, 839318, 840547, 840759, 841739, 841874, 842607, 842747, 844925, 846047, 846936, 848117, 848231, 848576, 848631, 849430, 849452, 850633, 850832, 851059, 851469, 851594, 852687, 856253, 858564, 860039, 861504, 861641, 863369, 863379, 864276, 865767, 865992, 866990, 868761, 873127, 874599, 876205, 876775, 877025, 877180, 877203, 878088, 879989, 880221, 880748, 881259, 882227, 885301, 885429, 886196, 892752, 894347, 895235, 896603, 899321, 902571, 902961, 904012, 904525, 904924, 905955, 907543, 908538, 908599, 909928, 910011, 910095, 910181, 910653, 911407, 916322, 916672, 916902, 918020, 919526, 919659, 919662, 919683, 919934, 922392, 922552, 923751, 924033, 926935, 928755, 929207, 931367, 932194, 933868, 934999, 935169, 935585, 935589, 936347, 937748, 938109, 939115, 939894, 940063, 940587, 942366, 943114, 943190, 943499, 945101, 946707, 947136, 947209, 947353, 947377, 948214, 949742, 950595, 951442, 951495, 951759, 951845, 952337, 954371, 955788, 956573, 958634, 959234, 959573, 960658, 962088, 964422, 964765, 964881, 965747, 967412, 967723, 968886, 969275, 969430, 972421, 972482, 973150, 974020, 974400, 976070, 977729, 978631, 979972, 980516, 981355, 984082, 986961, 989574, 990570, 990579, 992022, 993756, 995216, 995260, 995479, 996725]]
Loss function:
False
8

Experiment: Bubble Sort Test Experiment

2
 cd /home/julius/Dokumente/Uni/HPI/Jobs/GFZ/SacredTest && python bubble.py bubblesort_input_dataset.csv reversed 
{'name': 'array_file_path', 'value': 'bubblesort_input_dataset.csv'}
INFO - Bubble Sort - Completed after 0:00:01
