INFO - Bubble Sort - Running command 'bubbleSort'
INFO - Bubble Sort - Started run with ID "591"


Bubble Sort Test Experiment is running for 2 seconds!


Accuracy function: 
Accuracy function: 5

Accuracy function: 
Algorithm still working fine

Accuracy function: 
Accuracy function: 9

Accuracy function: 
Algorithm still working fine

Accuracy function: 
Accuracy function: 12

Accuracy function: 
Algorithm still working fine

Accuracy function: 
Accuracy function: 14

Accuracy function: 
[[1113, 1390, 1395, 2368, 2977, 3201, 3329, 4211, 5947, 6930, 7767, 8096, 11701, 13063, 13780, 15768, 16159, 16256, 16523, 17547, 18003, 18589, 19139, 19512, 20529, 22391, 23344, 24268, 24460, 24920, 27437, 29220, 33021, 34517, 35600, 35957, 36684, 37917, 37973, 39371, 41526, 41802, 41964, 42332, 44860, 45440, 45467, 45835, 46845, 47557, 47661, 48618, 50907, 50938, 52645, 52662, 52887, 52986, 54632, 54802, 55311, 56615, 57391, 57594, 57719, 60089, 62083, 62798, 62819, 63693, 64126, 64970, 66008, 66399, 67377, 68613, 69156, 69392, 72174, 77809, 79031, 80078, 81203, 81220, 81784, 82282, 83087, 83543, 83664, 84719, 88186, 89700, 90127, 90454, 90886, 92949, 93040, 93445, 96540, 97848, 97866, 98415, 99210, 99883, 100010, 100188, 100284, 100542, 102657, 105966, 108570, 108980, 111431, 111434, 111446, 112059, 112403, 113362, 118278, 118293, 120326, 122873, 124598, 127932, 127976, 128660, 129355, 129986, 130838, 131439, 132581, 132958, 134199, 135692, 136097, 136504, 136506, 137053, 137219, 137396, 138133, 138575, 138790, 138921, 143419, 143726, 146272, 147024, 147192, 148664, 149049, 149848, 150948, 155279, 156534, 157604, 159877, 160678, 160856, 161094, 163709, 164700, 164895, 164943, 166357, 168077, 173717, 173768, 174701, 176639, 178101, 179201, 179389, 180025, 180076, 180125, 181925, 184025, 184545, 185011, 185798, 186939, 186993, 188293, 188534, 189276, 189681, 191797, 193437, 193847, 195773, 195822, 196125, 196995, 199121, 199714, 201154, 202064, 203379, 205481, 206257, 207330, 207372, 208056, 208237, 209470, 210943, 211854, 212355, 213229, 213426, 219245, 219583, 222157, 222531, 223593, 223733, 225102, 225907, 226054, 227331, 232920, 233384, 234546, 235276, 235325, 236754, 238786, 241413, 241604, 245111, 245242, 245319, 246117, 247631, 247917, 248343, 249354, 251812, 252344, 252791, 252850, 253353, 253485, 254476, 255490, 256104, 257383, 257539, 257890, 258492, 258710, 260559, 262317, 262554, 262609, 264546, 267289, 267496, 268236, 268397, 268973, 270367, 270441, 270533, 272890, 273929, 274647, 274966, 275671, 276377, 276992, 279021, 279980, 280328, 280330, 280692, 282294, 282435, 283588, 284215, 285831, 286401, 288060, 288431, 288571, 288728, 292194, 293435, 293966, 294790, 295828, 296762, 298509, 298834, 299132, 299963, 301178, 302350, 302475, 302778, 303643, 303982, 305686, 307028, 307201, 309426, 310055, 312288, 312488, 312690, 312816, 313575, 315188, 315889, 320056, 320590, 321468, 322106, 322228, 323015, 328196, 328507, 330290, 331574, 331591, 331623, 332166, 332251, 333568, 337270, 337342, 339197, 339545, 340111, 341005, 341959, 342104, 342281, 343662, 345074, 346240, 346502, 346952, 347729, 348000, 348655, 349565, 350323, 352854, 353210, 353416, 355294, 355680, 357815, 358356, 359227, 363550, 363843, 366340, 367213, 367545, 367970, 368246, 369570, 370655, 371158, 371675, 371862, 372321, 373002, 375033, 375067, 376504, 378185, 380115, 381339, 381370, 381483, 382626, 384253, 384659, 384999, 388187, 388935, 390096, 392920, 395035, 395168, 396077, 397933, 399845, 399910, 400161, 403554, 408712, 409419, 411157, 412157, 412311, 413157, 413277, 413364, 413849, 415350, 419290, 420282, 423842, 424200, 424654, 424796, 425636, 427585, 427944, 428333, 429058, 429439, 431978, 433209, 433833, 436444, 436888, 438083, 438144, 439156, 439510, 440595, 440795, 442153, 442309, 442611, 443638, 443803, 445173, 446101, 446447, 451075, 452442, 452599, 452613, 453295, 454084, 454349, 455199, 456527, 456594, 457318, 457762, 458747, 459543, 460443, 460602, 463365, 463497, 464669, 467162, 467371, 467643, 468878, 469404, 469609, 472382, 472661, 473711, 475407, 476837, 481093, 481371, 481787, 482385, 483138, 484939, 485290, 487020, 487560, 488934, 489312, 489585, 489921, 490016, 492132, 493781, 495301, 496252, 496872, 497731, 499218, 499985, 500544, 500898, 502203, 503377, 503523, 504286, 505780, 507656, 510904, 511931, 516009, 516983, 518224, 519700, 519750, 520288, 522842, 525510, 525780, 525828, 527019, 528276, 530182, 530293, 531118, 531363, 531437, 532156, 532271, 532875, 534287, 534626, 535043, 536635, 537027, 538010, 540218, 540529, 540666, 540806, 541583, 542813, 542868, 543485, 544456, 545834, 548033, 548761, 549109, 549166, 550824, 551579, 551660, 551720, 553093, 554231, 554417, 558181, 558764, 560389, 561100, 562565, 564057, 564214, 566892, 567549, 567856, 569655, 571114, 571370, 571759, 573051, 573160, 573882, 574890, 575792, 577165, 578213, 578262, 579095, 580254, 581332, 581590, 582230, 586315, 587564, 588839, 589551, 589590, 590487, 591120, 593182, 593603, 597666, 599350, 601502, 601697, 605202, 606458, 607978, 608597, 609067, 610148, 611291, 612673, 613513, 613695, 615609, 615846, 616053, 617101, 619474, 620885, 623648, 624333, 624590, 624781, 627443, 627646, 628384, 629760, 630423, 631680, 632833, 633101, 634607, 637313, 637685, 638009, 638745, 639367, 639520, 640210, 642510, 644932, 645188, 645312, 645372, 647236, 647371, 647390, 647936, 648713, 649418, 650146, 652042, 652232, 652479, 654318, 656237, 657253, 657469, 658367, 658899, 659054, 659126, 659142, 659862, 659940, 661175, 662933, 663120, 663759, 664146, 664452, 666063, 666544, 666856, 668725, 669578, 672459, 672672, 673927, 675924, 676320, 677092, 677552, 678062, 678223, 679619, 681989, 683213, 684469, 685594, 687513, 688584, 688703, 689670, 691053, 691317, 694465, 695091, 695319, 695950, 696046, 696160, 696630, 697480, 697595, 698432, 701092, 702476, 702492, 702975, 704010, 704827, 708171, 708972, 709306, 709484, 711875, 712670, 715006, 716301, 718239, 718270, 719251, 719415, 722614, 723042, 724332, 724377, 724611, 727301, 727705, 727794, 729441, 730905, 731425, 733029, 733114, 733141, 733256, 733431, 733741, 733912, 734612, 737184, 737418, 737710, 740959, 741340, 743995, 744552, 746022, 746827, 748108, 748278, 748405, 750455, 754844, 755219, 757038, 757699, 757720, 758595, 759818, 760245, 760855, 761966, 763264, 763303, 764046, 766211, 768432, 768845, 769895, 770059, 771097, 772326, 772848, 773352, 773436, 773572, 774323, 776486, 777095, 778220, 781443, 781905, 782528, 783441, 784910, 785217, 786232, 786970, 787149, 787995, 788553, 791208, 792510, 792672, 793027, 793155, 795219, 795741, 797152, 797190, 797435, 798299, 798928, 799701, 800858, 801180, 801321, 802355, 804166, 805307, 805703, 808030, 809200, 810122, 810388, 810620, 810697, 812207, 812882, 813381, 815172, 816535, 817621, 818170, 820858, 820896, 821663, 821870, 823795, 825928, 826029, 826660, 827305, 829117, 829863, 830247, 830432, 830625, 831082, 831707, 834151, 835876, 836372, 836664, 836988, 837281, 837807, 837998, 838943, 841212, 841492, 843831, 846122, 846549, 847394, 849245, 850607, 850702, 851923, 852042, 852051, 853891, 855629, 856090, 856268, 857968, 858345, 860959, 861236, 861612, 861669, 861942, 862257, 862360, 863096, 866063, 866274, 866464, 868680, 871037, 871720, 872400, 873647, 874934, 875395, 875779, 876898, 880190, 881551, 882808, 883437, 884185, 884366, 884397, 886406, 886423, 887028, 888065, 888738, 890876, 891032, 892999, 893976, 895042, 895210, 897970, 899103, 900239, 901587, 902069, 902923, 903412, 904872, 905228, 905909, 906750, 906944, 907103, 907455, 909735, 910524, 915229, 915545, 916552, 917298, 918136, 918195, 919847, 920522, 921590, 924493, 924777, 927038, 927818, 928046, 928565, 928872, 929614, 929963, 931224, 932242, 932323, 932403, 934044, 934349, 935958, 937768, 938009, 941489, 942930, 943247, 944606, 945075, 945559, 946890, 947506, 948094, 948991, 949047, 950450, 951279, 954728, 955426, 955582, 955855, 956011, 958655, 958664, 958827, 959227, 960185, 961848, 961914, 962496, 962907, 963142, 964767, 965678, 966482, 967158, 967934, 968272, 968288, 968757, 970424, 971732, 971889, 975553, 975819, 976845, 977098, 978730, 978747, 979671, 980255, 981098, 981843, 983571, 987567, 988119, 989130, 989175, 989603, 990314, 991262, 993168, 993223, 993817, 995907, 996417, 996640, 997320, 999237, 999266]]


Experiment: Bubble Sort Test Experiment

2
 cd /home/julius/Dokumente/Uni/HPI/Jobs/GFZ/SacredTest && python bubble.py bubblesort_input_dataset.csv reversed 
{'name': 'array_file_path', 'value': 'bubblesort_input_dataset.csv'}
INFO - Bubble Sort - Completed after 0:00:01
