INFO - Bubble Sort - Running command 'bubbleSort'
INFO - Bubble Sort - Started run with ID "534"


Bubble Sort Test Experiment is running for 1 seconds!


Algorithm still working fine
Loss function:
False
Loss function:96
Loss function:
True
96
Algorithm still working fine
Loss function:
False
Loss function:93
Loss function:
True
93
Algorithm still working fine
Loss function:
False
Loss function:91
Loss function:
True
91
Algorithm still working fine
Loss function:
False
Loss function:90
Loss function:
True
90
[[1988, 2313, 2455, 3509, 3516, 4628, 6241, 6363, 6389, 9861, 11248, 12012, 14719, 16176, 19864, 20334, 21263, 21858, 23046, 23192, 24717, 26575, 27504, 28354, 28406, 28735, 30238, 30667, 31042, 31136, 31647, 32964, 33228, 34747, 36029, 36663, 38478, 38528, 41195, 42619, 44351, 47251, 48060, 48409, 48695, 49432, 50500, 51044, 51501, 52425, 56380, 56396, 60169, 62607, 64297, 65259, 65347, 65606, 66190, 66709, 67492, 68433, 69260, 69605, 69903, 70080, 70767, 70768, 71562, 71758, 71990, 72527, 72547, 73605, 74143, 74211, 76408, 77779, 77812, 78444, 78591, 78906, 80623, 81297, 81642, 83570, 84462, 84496, 85811, 88747, 88996, 89862, 90365, 90984, 91296, 92372, 94218, 94230, 94402, 95391, 95685, 95689, 96026, 96045, 97858, 98637, 98830, 99157, 100768, 102926, 104371, 105975, 106925, 107209, 109417, 109423, 112656, 113229, 115323, 115472, 117374, 118605, 121168, 122268, 122746, 122995, 126792, 127086, 127449, 127595, 128150, 128194, 128255, 131835, 132489, 132677, 132717, 135647, 139520, 141181, 142645, 144807, 144949, 146822, 148137, 148614, 148631, 149946, 150352, 151065, 151484, 151689, 152106, 152719, 153705, 156294, 156608, 157277, 157315, 157771, 158011, 158714, 158906, 159444, 161233, 164038, 164649, 164939, 166729, 166935, 167663, 167803, 167916, 168717, 170176, 170479, 171960, 172092, 172174, 172939, 177374, 178496, 178773, 180191, 180985, 181724, 182400, 182786, 184196, 184246, 185458, 186587, 187545, 188491, 190615, 193333, 193391, 193625, 195030, 196436, 196876, 197604, 197846, 197962, 199062, 200294, 200617, 201415, 201766, 202601, 203650, 206535, 207025, 207239, 208458, 210280, 211489, 212251, 214362, 215040, 216283, 216535, 217062, 217593, 218393, 221546, 221734, 223352, 224574, 226159, 226940, 228437, 229629, 230144, 231290, 232260, 233130, 233379, 234080, 235781, 235969, 236785, 237218, 238370, 238547, 240075, 243544, 243618, 245984, 246806, 246902, 247421, 249394, 250145, 251746, 252277, 252824, 253138, 255364, 257085, 257191, 259325, 262258, 262983, 263606, 263819, 264863, 267253, 267867, 268574, 269578, 269708, 269743, 271303, 272349, 272671, 273028, 273570, 273861, 275168, 278484, 280008, 281223, 281275, 282636, 283594, 283777, 284386, 284606, 284792, 285032, 285942, 286661, 288181, 290641, 290666, 290907, 292302, 293486, 294134, 294213, 295189, 296481, 298304, 299171, 299382, 299846, 299849, 300185, 301070, 301641, 301816, 302649, 309535, 310380, 310761, 312424, 312866, 314486, 316398, 316552, 316844, 317751, 318087, 320190, 321654, 324865, 325022, 326855, 327863, 329591, 329981, 330704, 332445, 333842, 334019, 334299, 335154, 337277, 337353, 338719, 338806, 339527, 340386, 341101, 343117, 343581, 344457, 344598, 345266, 345530, 346346, 347508, 348249, 349125, 351241, 351819, 352062, 356389, 356727, 357174, 357515, 359436, 359512, 359662, 361853, 362767, 363505, 364278, 366796, 367338, 367857, 368840, 371209, 371674, 372760, 373270, 374108, 377811, 378198, 380541, 380727, 381739, 382788, 385950, 386171, 386289, 389835, 393362, 394482, 395449, 395919, 396048, 396313, 396611, 396761, 397902, 398031, 398285, 398888, 400697, 400841, 401446, 402828, 403371, 403902, 403930, 405112, 405376, 405398, 407501, 408285, 408602, 410300, 412180, 412385, 412456, 412625, 413571, 414405, 415201, 415319, 417590, 418174, 418887, 419204, 419298, 419488, 420477, 421673, 421911, 424619, 424996, 425290, 425724, 426800, 427338, 428259, 428506, 428827, 429515, 431180, 433845, 436522, 436585, 436694, 436936, 437952, 438757, 440902, 443795, 444743, 445950, 448404, 451904, 454962, 454982, 455944, 456016, 456349, 458805, 460458, 461050, 461333, 461567, 461769, 463692, 464900, 465323, 467845, 468680, 469593, 470133, 471035, 474568, 474777, 474876, 475868, 477462, 477953, 478030, 480387, 483851, 483858, 485878, 488070, 488177, 488684, 489092, 489856, 489991, 490499, 491885, 492925, 493928, 495794, 496490, 496660, 496760, 500541, 500928, 501267, 501320, 503626, 504085, 504837, 506246, 506284, 506446, 507570, 510358, 511685, 519362, 519622, 521958, 523450, 526213, 526547, 526581, 526716, 527088, 527587, 528673, 528785, 529048, 531334, 533122, 533219, 533331, 534594, 535298, 537409, 537431, 537522, 538918, 539080, 540393, 541026, 541279, 543326, 545499, 545636, 546011, 547119, 547545, 548061, 551651, 553433, 554815, 554947, 556002, 556090, 556095, 558511, 561726, 562712, 562841, 562985, 563093, 563793, 563989, 564746, 565378, 566072, 566847, 566919, 567774, 568028, 568051, 568828, 570180, 571769, 572360, 572874, 573681, 574702, 575077, 575942, 576309, 577066, 577467, 578208, 578328, 579698, 579957, 580801, 582825, 583123, 583378, 584659, 584806, 585214, 586258, 586513, 587813, 588574, 590757, 591591, 591696, 592885, 595674, 596055, 597630, 600706, 600753, 604656, 605197, 606023, 608210, 608230, 608409, 609419, 610432, 610569, 611262, 611405, 611567, 612549, 612716, 613057, 617760, 618479, 619054, 619638, 620423, 620805, 620901, 622218, 622332, 622901, 623085, 624537, 626881, 630098, 631094, 632433, 633789, 634458, 634494, 634636, 634685, 635435, 635877, 636201, 636749, 638478, 638842, 639922, 640276, 641931, 644631, 645505, 645631, 645790, 647023, 647948, 648770, 648852, 648998, 649679, 649798, 650969, 652103, 652215, 652826, 653716, 657410, 657678, 658007, 659751, 660885, 662746, 663300, 665121, 666442, 666459, 670120, 670278, 675200, 675555, 677160, 677487, 677492, 677823, 678632, 678885, 680100, 680304, 680983, 681356, 682803, 684938, 684984, 685078, 686800, 687568, 689649, 690891, 691951, 693021, 693196, 693435, 694192, 694358, 695311, 695645, 695695, 696599, 697647, 698612, 699303, 699797, 703908, 704792, 705606, 705791, 707560, 708058, 708207, 708244, 710523, 710934, 710972, 711451, 711651, 712881, 713812, 716746, 717530, 721691, 722324, 723440, 723948, 724287, 725015, 726238, 728270, 730675, 731209, 731223, 731308, 733946, 736156, 736196, 736203, 736453, 737279, 737468, 737959, 739868, 740651, 740989, 741103, 741217, 741349, 742279, 743462, 743942, 744904, 746643, 746646, 746793, 747395, 749444, 749862, 750424, 755092, 755588, 756023, 756186, 757167, 757807, 758022, 758081, 759188, 760085, 760525, 762178, 762208, 765041, 767003, 767549, 768249, 768757, 769446, 771311, 772089, 776475, 778285, 778836, 779070, 780887, 782661, 784765, 784967, 788400, 788849, 791877, 793125, 794984, 796433, 797274, 797817, 798630, 798931, 799442, 801165, 802080, 802916, 804094, 804129, 804857, 804866, 807674, 808379, 809603, 810823, 810978, 811547, 812071, 812246, 812252, 812389, 812515, 813180, 814763, 817640, 818140, 818563, 820691, 822324, 824975, 828484, 829144, 829424, 829564, 830975, 831569, 832211, 837104, 837492, 837794, 838965, 841414, 843392, 843426, 843706, 844250, 844578, 845350, 846247, 848525, 849980, 850009, 851905, 852307, 854645, 855722, 855856, 856627, 856953, 857168, 861074, 861342, 863460, 863674, 863754, 864457, 864568, 866239, 867650, 868503, 871240, 872075, 872371, 873036, 873066, 873603, 874366, 874651, 878917, 879407, 880574, 881554, 883060, 887054, 887884, 888399, 889775, 891596, 891777, 892694, 892989, 897067, 897309, 899135, 901235, 901657, 901969, 902080, 903993, 904205, 904527, 905257, 906956, 907664, 907737, 908010, 908198, 908690, 909282, 910524, 911596, 911618, 911896, 917988, 919122, 919343, 919450, 919542, 919982, 920389, 920938, 922417, 922679, 923043, 925661, 926800, 927001, 927035, 928543, 928681, 928854, 929189, 929487, 930279, 932456, 932686, 933495, 933608, 933696, 933943, 933953, 934011, 934470, 934855, 935342, 936065, 937086, 940771, 941237, 941628, 944577, 945865, 946755, 946932, 948324, 948953, 953574, 953812, 955320, 955601, 955819, 956091, 956937, 957629, 960027, 960537, 962166, 962632, 968686, 969867, 971447, 973370, 973990, 975718, 976550, 977343, 977394, 980071, 981892, 981994, 982974, 983348, 983427, 984026, 984853, 984895, 985439, 986361, 987433, 987728, 988324, 988893, 989494, 992151, 992688, 993379, 993413, 999726]]
Loss function:
False

Experiment: Bubble Sort Test Experiment

2
 cd /home/julius/Dokumente/Uni/HPI/Jobs/GFZ/SacredTest && python bubble.py bubblesort_input_dataset.csv reversed 
{'value': 'bubblesort_input_dataset.csv', 'name': 'array_file_path'}
INFO - Bubble Sort - Completed after 0:00:01
