INFO - Bubble Sort - Running command 'bubbleSort'
INFO - Bubble Sort - Started run with ID "532"


Bubble Sort Test Experiment is running for 2 seconds!


Algorithm still working fine
Loss function:
False
Loss function:96
Loss function:
True
Algorithm still working fine
Loss function:
False
Loss function:93
Loss function:
True
Algorithm still working fine
Loss function:
False
Loss function:91
Loss function:
True
Algorithm still working fine
Loss function:
False
Loss function:90
Loss function:
True
[[1070, 2171, 2681, 4617, 5695, 6755, 7238, 7733, 8159, 13640, 13872, 14455, 14515, 15339, 15819, 18264, 19409, 19984, 20300, 20648, 21334, 21978, 22048, 23498, 24175, 24257, 24680, 24999, 26019, 26253, 26511, 27960, 28918, 29894, 31522, 32420, 33755, 34156, 35368, 35538, 39226, 39659, 41904, 41954, 42262, 43017, 43864, 47921, 47962, 48002, 48512, 49294, 49605, 50082, 50185, 52245, 52485, 53874, 54014, 54047, 55633, 55689, 56007, 56030, 57597, 59532, 62365, 62954, 63659, 64747, 65756, 69890, 71675, 72429, 72978, 73108, 73342, 73500, 75966, 77056, 78626, 78758, 79250, 79897, 81926, 82042, 82198, 83870, 84065, 84467, 85701, 85949, 86097, 86858, 88715, 89218, 90051, 95428, 95712, 96495, 99964, 100092, 101542, 104821, 104963, 105158, 105195, 105413, 106484, 108464, 108613, 109068, 109509, 114453, 114633, 115352, 115476, 116865, 120428, 120559, 121018, 121372, 124308, 124405, 126062, 126350, 126371, 126721, 127022, 127477, 129224, 129749, 131798, 132676, 133102, 133879, 134164, 136209, 136485, 138770, 139285, 140830, 143085, 143616, 143755, 143911, 144937, 145074, 146377, 148102, 148386, 149393, 150895, 153064, 154165, 154550, 156387, 156664, 159275, 159364, 159492, 160229, 161878, 163388, 164143, 165849, 166449, 167526, 168141, 168567, 170688, 170710, 171313, 172433, 172504, 175789, 175866, 177158, 181016, 181050, 181543, 183994, 186774, 189500, 189793, 190759, 191293, 193436, 194267, 194430, 195985, 196331, 197420, 199490, 199636, 200523, 206860, 207147, 207517, 208484, 208580, 209353, 210181, 210745, 213604, 214256, 214643, 216858, 217191, 221296, 222900, 224220, 224698, 226139, 226415, 226904, 228631, 229815, 230199, 231006, 231088, 231917, 233373, 233760, 233938, 234472, 234884, 234896, 236128, 236686, 238289, 238781, 239081, 239268, 239848, 240120, 240738, 241670, 243661, 244077, 244955, 245012, 245716, 245863, 247655, 247661, 248061, 248709, 249035, 249673, 249774, 250766, 252521, 252738, 253189, 253643, 254912, 255151, 256707, 257382, 257383, 261417, 261622, 262082, 262252, 264527, 265059, 266603, 266754, 267124, 268888, 274417, 276168, 276479, 277456, 279943, 282300, 282390, 283299, 283369, 284040, 284201, 284442, 285835, 286532, 287294, 287714, 290534, 290997, 291240, 292713, 295982, 297641, 298099, 298198, 298786, 298893, 299264, 299829, 299921, 300170, 302790, 302879, 303029, 304484, 306162, 307225, 310218, 311653, 311856, 312230, 312762, 313199, 314731, 314939, 316279, 316542, 317056, 317216, 317249, 317336, 317870, 319256, 323089, 324043, 324230, 327018, 328891, 330300, 330585, 332855, 333562, 333677, 335173, 336661, 337178, 337234, 338248, 338568, 340342, 340641, 340926, 342063, 345619, 345998, 347360, 347650, 349174, 351759, 351811, 353992, 356838, 357775, 358158, 358313, 359264, 360906, 360908, 360933, 363323, 364337, 366006, 366102, 370147, 371586, 371999, 373282, 373999, 375340, 375621, 376588, 377669, 377749, 378260, 380533, 382712, 383740, 384501, 385738, 386960, 387948, 390373, 391383, 392566, 393159, 393443, 395166, 395498, 395625, 395802, 396079, 397598, 398033, 398172, 398538, 399793, 400468, 400501, 400621, 402205, 407380, 407776, 408552, 411995, 413233, 413555, 413995, 414097, 414337, 414351, 414358, 414670, 416108, 417288, 420099, 420809, 421680, 422337, 422771, 423781, 425066, 425504, 428827, 428951, 429272, 429517, 430182, 430448, 430892, 433529, 433900, 435795, 438494, 442753, 443408, 444229, 445434, 445833, 446139, 446858, 447092, 448347, 449646, 452693, 453560, 454429, 455930, 456040, 456333, 457345, 460078, 462197, 462829, 463182, 463249, 463492, 463640, 465213, 466326, 466490, 466645, 466962, 467321, 468416, 468655, 469185, 469964, 470333, 470994, 472830, 475334, 476478, 477279, 477626, 478450, 479276, 479690, 480996, 482943, 484194, 484676, 486234, 487358, 489033, 489198, 490191, 491971, 492195, 492688, 493922, 495049, 496550, 497534, 498333, 498347, 499348, 500608, 500915, 504006, 505510, 510029, 510267, 510484, 511601, 513707, 513782, 513913, 515006, 518597, 518661, 518930, 523368, 524085, 525493, 526431, 527005, 530053, 530192, 530263, 533340, 533498, 533992, 535031, 535695, 536390, 537271, 540924, 541459, 541802, 542551, 542588, 542889, 543110, 546027, 549248, 549473, 551013, 552477, 552521, 552562, 552696, 552701, 553585, 554500, 557785, 558266, 559426, 560265, 560998, 566154, 566901, 569239, 572514, 572717, 573653, 574467, 575595, 575788, 576124, 579922, 582543, 582911, 583019, 583790, 583890, 585236, 585445, 585754, 586284, 586843, 589064, 589253, 591000, 591741, 592518, 593475, 595594, 596373, 596798, 597783, 598170, 598273, 602019, 602658, 602665, 602747, 603280, 604296, 606873, 607251, 607716, 608403, 608885, 609239, 610408, 611013, 612238, 612614, 613046, 615545, 617348, 618207, 618708, 619437, 619495, 619599, 621527, 621822, 623077, 623477, 623799, 624457, 625508, 625847, 627835, 627930, 627934, 628053, 628248, 628661, 629904, 630918, 631520, 632448, 632909, 633019, 633825, 635961, 636948, 639164, 639794, 642926, 643221, 644474, 644607, 644655, 644694, 647111, 648057, 648801, 650844, 651693, 652194, 652196, 652414, 654248, 656209, 656849, 657494, 657951, 657981, 658102, 658390, 658665, 661098, 662269, 662400, 662514, 665966, 666748, 666947, 667022, 667322, 667691, 669345, 670248, 670704, 670751, 671403, 671522, 671657, 672520, 672750, 676028, 676759, 678248, 678540, 678691, 679200, 679966, 683496, 684764, 684787, 685079, 688211, 688638, 690907, 691292, 691508, 693280, 694301, 696601, 697237, 698336, 698611, 699294, 699911, 700794, 702932, 703612, 703639, 703782, 704377, 704452, 704762, 704978, 707369, 707794, 709902, 709941, 713334, 713385, 714373, 714376, 714530, 714692, 717262, 717275, 718353, 718636, 719400, 720745, 722463, 723388, 724985, 726208, 727211, 727973, 728613, 729492, 729886, 730709, 731210, 733443, 733715, 734778, 734989, 735630, 735831, 735875, 741000, 741845, 743263, 743281, 743703, 744182, 744765, 745267, 745585, 750446, 750496, 750716, 751359, 751642, 752467, 752839, 756301, 757019, 758037, 758181, 760462, 761110, 761226, 762024, 764481, 765578, 766354, 768357, 768390, 768908, 770040, 772128, 772131, 772172, 772596, 773046, 774266, 774659, 775584, 777576, 778896, 780272, 783268, 783447, 783772, 783966, 786504, 788385, 788512, 790033, 790640, 790890, 791071, 792516, 795774, 796794, 798228, 798667, 799384, 804528, 804711, 804913, 805366, 806602, 808104, 808134, 811300, 813705, 814078, 814541, 814616, 815412, 815479, 815931, 815945, 818124, 818404, 818589, 818650, 819440, 820304, 822609, 823718, 824308, 824791, 825236, 826460, 826598, 827805, 828406, 830152, 830311, 831175, 831602, 832053, 832183, 833184, 834949, 837132, 841069, 844372, 845288, 845332, 846323, 846982, 849075, 849505, 850656, 851321, 855760, 856756, 856790, 860850, 861341, 861958, 863648, 863820, 863981, 864352, 866028, 866404, 868882, 869690, 870033, 871643, 872344, 872726, 874179, 875653, 876270, 878742, 880511, 881368, 881433, 881761, 882047, 888817, 889180, 889578, 890738, 892575, 892922, 893061, 893260, 896002, 896005, 897491, 897819, 898292, 899843, 899905, 899983, 901202, 901616, 902097, 902407, 903199, 903269, 903925, 904156, 904217, 905162, 905829, 910300, 913304, 914675, 916049, 917598, 919058, 919460, 919813, 920176, 921066, 921637, 922054, 922928, 924637, 925364, 925740, 925981, 928174, 928587, 930215, 931021, 931044, 934440, 934925, 935030, 935293, 935499, 935509, 935833, 936357, 936365, 936825, 937099, 938172, 939916, 940432, 942512, 942977, 943334, 943882, 944343, 947406, 947455, 948120, 954773, 954906, 955503, 956105, 956237, 957201, 959150, 961409, 962050, 962702, 963250, 963397, 963792, 963901, 964146, 964165, 967488, 969256, 969947, 972020, 972221, 973529, 973558, 974975, 975652, 977807, 978724, 979964, 981163, 981206, 982123, 982374, 982561, 982765, 982866, 983674, 985422, 985493, 985649, 985691, 986717, 987870, 989628, 989704, 990884, 991233, 991746, 994164, 995488, 997510, 997542, 997633, 999259]]
Loss function:
False

Experiment: Bubble Sort Test Experiment

2
 cd /home/julius/Dokumente/Uni/HPI/Jobs/GFZ/SacredTest && python bubble.py bubblesort_input_dataset.csv reversed 
{'name': 'array_file_path', 'value': 'bubblesort_input_dataset.csv'}
INFO - Bubble Sort - Completed after 0:00:01
