INFO - Bubble Sort - Running command 'bubbleSort'
INFO - Bubble Sort - Started run with ID "589"
Accuracy function: 
Accuracy function: 5

Accuracy function: 
Algorithm still working fine

Accuracy function: 
Accuracy function: 9

Accuracy function: 
Algorithm still working fine

Accuracy function: 
Accuracy function: 12

Accuracy function: 
Algorithm still working fine

Accuracy function: 
Accuracy function: 14

Accuracy function: 
[[160, 182, 1856, 2280, 3363, 4107, 4280, 4413, 5811, 7953, 8246, 8373, 9316, 10275, 11775, 12341, 12926, 13888, 14138, 14956, 16172, 16482, 16940, 17241, 18763, 19643, 20011, 20041, 21596, 23495, 24570, 26050, 26311, 28007, 28526, 33442, 34515, 34842, 35406, 35709, 36632, 36713, 39220, 39557, 39562, 39740, 41767, 44193, 44861, 45129, 47388, 48874, 50951, 51336, 51350, 53111, 53992, 54413, 54429, 57346, 58344, 58401, 59015, 59277, 60940, 61767, 63447, 63849, 64257, 65486, 66297, 67341, 68090, 69155, 70690, 70927, 72758, 73315, 73320, 76134, 77313, 78108, 78673, 82057, 83993, 86063, 86273, 86328, 86746, 87354, 88156, 88534, 90176, 90963, 91187, 91360, 93152, 93709, 93775, 94464, 95151, 95262, 95677, 99325, 99457, 101359, 101656, 103042, 103529, 105566, 106732, 106998, 108420, 108568, 110137, 111388, 112279, 114336, 114584, 114629, 116722, 118156, 118797, 123911, 124419, 124695, 124858, 125273, 125660, 125804, 126609, 128012, 129881, 130102, 130129, 130255, 132029, 133550, 133936, 134524, 137752, 139620, 141126, 142827, 144036, 145825, 146105, 146253, 148415, 148472, 149386, 149802, 150088, 151718, 155031, 156628, 158104, 159213, 160721, 161056, 161501, 161851, 162427, 164204, 164218, 167267, 167434, 167795, 168880, 170222, 170493, 171573, 173561, 173977, 175525, 178737, 179869, 180142, 180189, 180365, 180436, 180582, 181104, 181843, 182184, 182883, 183229, 184299, 184483, 185081, 185243, 186206, 187961, 188920, 189425, 190692, 192942, 193101, 193450, 194106, 196927, 197338, 197472, 198157, 198476, 200156, 200390, 200697, 200866, 200962, 201052, 204035, 204097, 206455, 207396, 210604, 211146, 211880, 212044, 212364, 212702, 215090, 215181, 217351, 218584, 219809, 221284, 221368, 221410, 221654, 222350, 225227, 227640, 227650, 230458, 231498, 231674, 232411, 232809, 232837, 233733, 234090, 234161, 235817, 237049, 237794, 238840, 246402, 247042, 247614, 249076, 251492, 251806, 252211, 253059, 253188, 254150, 255945, 255946, 259906, 260320, 262674, 262896, 265800, 267102, 268301, 268407, 268894, 269206, 270162, 270469, 271060, 271679, 272067, 272258, 273090, 273146, 273765, 273947, 274852, 275370, 275510, 278582, 278641, 279060, 279419, 279813, 280304, 280893, 281409, 283389, 285280, 285474, 285910, 286973, 287515, 288302, 289435, 295746, 297784, 297984, 298078, 299093, 299542, 300184, 300738, 300829, 301021, 302517, 304230, 304328, 305617, 305711, 307100, 308254, 309885, 309886, 310561, 312518, 312722, 312730, 313540, 314445, 315029, 315390, 316362, 318403, 318476, 319337, 319611, 320644, 320904, 321594, 321999, 323094, 324816, 325426, 325955, 327283, 328652, 330468, 330960, 332248, 332434, 334670, 335386, 335412, 336277, 336415, 336913, 337161, 339361, 339434, 339519, 340319, 340734, 341164, 341346, 342128, 342345, 343440, 343534, 346637, 346977, 347036, 349171, 351434, 353826, 354075, 354097, 356437, 356642, 356697, 357140, 357783, 357870, 358734, 358861, 359778, 361347, 361679, 363408, 363657, 363977, 364505, 365748, 366194, 367222, 367430, 368338, 368643, 368717, 369522, 369970, 374031, 374598, 375897, 376240, 376422, 377004, 378151, 379868, 380935, 381918, 382556, 383056, 383819, 384730, 384743, 385466, 387129, 387727, 388455, 391689, 392396, 392858, 394370, 394486, 396060, 396084, 398500, 400017, 400040, 401085, 402659, 403772, 408894, 413133, 416197, 419297, 419518, 422936, 425797, 427161, 427835, 429951, 430007, 431274, 432452, 432903, 433187, 434535, 434975, 435861, 436689, 438304, 438575, 438679, 438878, 441322, 442996, 445645, 445717, 446760, 448023, 448492, 449242, 450022, 450025, 452472, 454421, 455241, 456013, 457434, 457891, 458291, 458736, 460554, 463597, 465470, 465765, 466890, 467373, 467573, 468004, 468011, 468413, 468966, 469436, 469866, 469995, 470198, 470463, 470695, 470799, 471334, 471471, 475917, 477594, 477786, 478639, 479464, 480353, 481681, 483054, 486054, 486762, 487911, 489439, 489445, 493773, 493858, 493860, 494182, 495307, 496239, 496458, 497218, 497903, 498047, 499461, 500346, 501069, 501588, 502012, 502082, 503936, 505285, 506313, 507665, 508386, 508773, 509327, 509493, 510282, 511991, 512279, 512424, 513197, 515267, 515669, 516404, 519257, 519962, 522055, 522141, 522984, 524153, 525469, 526493, 526798, 526806, 527608, 527932, 531041, 531095, 532482, 532654, 533700, 534270, 534536, 535231, 535518, 536012, 536337, 536491, 536761, 537631, 538146, 540225, 540264, 543862, 543929, 544088, 544167, 544836, 545421, 548189, 548293, 548546, 548916, 550113, 550415, 550442, 550633, 550673, 551688, 552067, 554221, 554565, 555402, 556893, 558129, 558685, 559164, 559551, 560836, 561112, 564707, 565324, 565417, 569474, 571244, 573077, 573112, 573416, 574469, 575446, 576018, 576978, 576994, 577138, 581562, 585667, 586054, 590057, 591363, 592420, 592503, 593216, 594889, 597390, 597704, 598686, 600955, 601297, 601465, 605064, 606546, 608717, 609877, 612825, 613127, 613318, 615390, 615866, 616174, 616630, 618877, 620318, 621715, 622087, 624754, 624971, 625362, 625526, 626985, 627096, 627273, 628622, 628821, 629107, 629465, 630091, 631264, 634607, 634828, 635282, 635480, 635711, 636119, 637253, 637901, 638576, 640525, 640858, 642879, 644571, 645606, 645766, 646587, 647594, 648355, 648644, 650257, 650349, 651034, 652232, 653213, 653866, 654047, 656766, 658217, 659942, 660780, 662387, 662402, 666069, 666544, 666854, 666958, 667337, 669238, 670183, 674171, 674340, 674516, 674922, 675117, 676111, 677760, 682358, 682603, 682924, 683119, 683222, 683966, 684599, 685398, 685912, 686442, 687428, 689846, 691394, 691580, 695361, 695632, 696155, 697507, 697759, 698610, 699548, 702763, 704091, 704776, 705701, 707959, 708189, 709293, 709822, 710716, 711138, 712466, 713757, 714179, 715364, 715871, 717130, 717369, 718546, 719459, 721452, 722868, 723297, 724333, 725222, 725579, 727785, 727904, 729034, 729334, 729461, 732724, 736996, 737993, 739212, 740006, 740968, 743293, 746199, 746765, 748555, 749346, 750768, 752363, 753149, 756003, 756080, 760252, 760617, 761674, 761709, 764583, 764607, 767647, 769624, 769755, 771170, 772734, 773317, 774028, 774080, 775860, 776021, 777649, 782758, 783812, 784178, 785459, 785563, 787318, 789675, 790276, 790506, 791005, 791090, 791211, 791336, 791819, 791940, 794309, 794819, 795977, 796041, 796211, 797472, 799342, 799434, 799975, 801796, 803405, 805437, 805883, 805932, 806052, 808822, 809105, 809125, 809945, 810241, 811267, 814595, 816189, 817912, 819439, 819698, 819931, 823388, 825168, 826958, 828818, 830487, 831093, 832392, 834206, 836584, 840019, 840913, 841135, 841469, 842229, 843158, 843529, 844066, 844477, 845110, 845653, 846698, 848595, 849376, 852531, 854011, 854077, 855191, 857874, 859509, 860851, 861000, 861991, 864509, 865675, 867505, 867825, 868260, 869070, 869199, 869573, 870601, 870743, 870763, 871808, 872029, 873192, 874596, 874888, 875533, 877316, 878710, 880283, 881647, 881986, 882147, 882898, 883172, 883694, 883915, 884032, 884131, 887142, 888071, 888155, 888650, 892421, 894638, 896277, 896630, 898494, 899636, 900710, 901672, 902018, 902673, 903918, 903928, 904092, 905039, 906966, 907020, 907828, 907911, 907947, 908702, 909461, 910651, 910751, 910898, 912773, 913315, 913844, 914264, 915607, 915858, 917256, 917665, 919045, 919539, 919731, 920925, 921384, 921542, 922122, 925171, 926492, 927478, 930538, 931650, 932390, 932704, 933566, 934325, 935018, 935284, 935586, 935642, 939101, 940774, 942345, 942522, 942842, 943860, 945205, 945364, 946142, 946266, 948843, 948876, 951159, 951361, 951453, 951885, 955856, 956633, 957748, 958098, 960289, 960605, 961634, 961738, 965270, 965276, 965296, 966990, 967025, 967186, 968084, 970001, 970101, 970696, 970712, 971151, 973342, 974665, 974717, 975620, 975683, 975859, 977090, 977123, 977134, 977588, 978357, 978547, 978799, 979679, 979822, 980910, 981281, 983119, 983445, 985815, 986852, 986873, 989089, 990709, 991145, 992697, 993577, 994612, 995922, 996549]]


Experiment: Bubble Sort Test Experiment

2
 cd /home/julius/Dokumente/Uni/HPI/Jobs/GFZ/SacredTest && python bubble.py bubblesort_input_dataset.csv reversed 
{'name': 'array_file_path', 'value': 'bubblesort_input_dataset.csv'}
INFO - Bubble Sort - Completed after 0:00:01
