INFO - Bubble Sort - Running command 'bubbleSort'
INFO - Bubble Sort - Started run with ID "522"


Bubble Sort Test Experiment is running for 1 seconds!


Algorithm still working fine
Loss function:
Loss function:96
Loss function:
Algorithm still working fine
Loss function:
Loss function:93
Loss function:
Algorithm still working fine
Loss function:
Loss function:91
Loss function:
Algorithm still working fine
Loss function:
Loss function:90
Loss function:
[[783, 4185, 4486, 4594, 8356, 9516, 11019, 14095, 14218, 16632, 17896, 18970, 19364, 21190, 22142, 22255, 22586, 24328, 24780, 25499, 25749, 28760, 28821, 31136, 31485, 32287, 32861, 34224, 34796, 35511, 35737, 37292, 39432, 39868, 40099, 41119, 44089, 45666, 45689, 46806, 46885, 47474, 49118, 49495, 51145, 51226, 52353, 53212, 53828, 54035, 54762, 55842, 56382, 56523, 57444, 60043, 60684, 60900, 61720, 63386, 68052, 68789, 71293, 72758, 73511, 73614, 74558, 75882, 79382, 81823, 82848, 86135, 86453, 86645, 88415, 90187, 90967, 91277, 91439, 93648, 93729, 93772, 94757, 97872, 98901, 102403, 102806, 104063, 105325, 108851, 109245, 109256, 110306, 115798, 116594, 117748, 119197, 119701, 122358, 122718, 123394, 125918, 128763, 129846, 129851, 130870, 130980, 132397, 133447, 133952, 136954, 137469, 138027, 138513, 140891, 141398, 142485, 143077, 143814, 144462, 146900, 148219, 152710, 152806, 154236, 154512, 155392, 157137, 157274, 159773, 161197, 162018, 162158, 163917, 165703, 165751, 166087, 166320, 167159, 168535, 171633, 172958, 175889, 176174, 178702, 178715, 178920, 181250, 181634, 182469, 182524, 182714, 185116, 185904, 186177, 186729, 187105, 188766, 189331, 189546, 190193, 191401, 191617, 192680, 196507, 196899, 201133, 203292, 203904, 204021, 205180, 207579, 207770, 209342, 209437, 211122, 211124, 211320, 212195, 212491, 214267, 215074, 215354, 215595, 216125, 217128, 217181, 217706, 218547, 218682, 218813, 218946, 219847, 219988, 220054, 220575, 221635, 223317, 225023, 225857, 226328, 226466, 226725, 229010, 229859, 232700, 234270, 235491, 236306, 236411, 236806, 237371, 237774, 238327, 239830, 240807, 242893, 243541, 244488, 245045, 245235, 246004, 246136, 247115, 247814, 249385, 251271, 253226, 254183, 256273, 257588, 258984, 259035, 259097, 259817, 260042, 260384, 261188, 261240, 263294, 264174, 264527, 265194, 265590, 266127, 267626, 267966, 268824, 269151, 270546, 272385, 272453, 273062, 273357, 274350, 275360, 277024, 278377, 280421, 281292, 282131, 282546, 282738, 285157, 286274, 286495, 287810, 288356, 289517, 289842, 290334, 290521, 291685, 291841, 292266, 292290, 292647, 293463, 296153, 299238, 301007, 301391, 301515, 303723, 304092, 305106, 305308, 307289, 308243, 308334, 309636, 310305, 313676, 315757, 315844, 315992, 317406, 317462, 317784, 318497, 320941, 320958, 323070, 324823, 325043, 325084, 325386, 325540, 327991, 328084, 328311, 328912, 329718, 330872, 333606, 334438, 335135, 337942, 338029, 338764, 340053, 341111, 341778, 343081, 344477, 345244, 345717, 346244, 346571, 347484, 347503, 348564, 352529, 353018, 353305, 353965, 354132, 355116, 356056, 356354, 357663, 358638, 359271, 359342, 359497, 359790, 360469, 360912, 362175, 362520, 362784, 364947, 364985, 365066, 365532, 365591, 366150, 367518, 368018, 368359, 368612, 371042, 372383, 372544, 373211, 375166, 375494, 375846, 375895, 376202, 377695, 377928, 378733, 379983, 380628, 380730, 381122, 381196, 381983, 383094, 383106, 383141, 383747, 385328, 386808, 388087, 390095, 390172, 390790, 391331, 391934, 392836, 392925, 393726, 394008, 394390, 395178, 395248, 395444, 397335, 397572, 398700, 405096, 408333, 408511, 409845, 411375, 415945, 418023, 419782, 419906, 420097, 420206, 421128, 421489, 423979, 427058, 427993, 430484, 431828, 432869, 433303, 434714, 435067, 435410, 435798, 435876, 439266, 440041, 440219, 440226, 442768, 442995, 443468, 443727, 443839, 445543, 445919, 445985, 446561, 447192, 449601, 452631, 452979, 454198, 454422, 454783, 457133, 457691, 458582, 458950, 460171, 460927, 462670, 463923, 465435, 465633, 466435, 467536, 468356, 469352, 471971, 472151, 473932, 474071, 475341, 475960, 476609, 476805, 477095, 477440, 481230, 483447, 485037, 486252, 487960, 489394, 492051, 493131, 495820, 496858, 497638, 499473, 502798, 503347, 504774, 505014, 507719, 509126, 510004, 510131, 510845, 512163, 512224, 512484, 514352, 516192, 517775, 519818, 521550, 524579, 525230, 526999, 529581, 529659, 529819, 532974, 533009, 533270, 537566, 541248, 544792, 546371, 547562, 549424, 549748, 550303, 553354, 553388, 553761, 553797, 554212, 555279, 555609, 555636, 557698, 558850, 559294, 559436, 559604, 559820, 562028, 562334, 562677, 564099, 564296, 564790, 565314, 565341, 567176, 567602, 567887, 568092, 568182, 568469, 568653, 568753, 569023, 569331, 569504, 570468, 570672, 572205, 574925, 576095, 577314, 579307, 581836, 582284, 583401, 584257, 584348, 585215, 586184, 587059, 587832, 591947, 592670, 594524, 599176, 599985, 600331, 600348, 600433, 600777, 603677, 604086, 604137, 604757, 605464, 606951, 607743, 607762, 609080, 609250, 610223, 610410, 613522, 614316, 614425, 614607, 615291, 615412, 615616, 616695, 617078, 618449, 619441, 620046, 621714, 622148, 622774, 622930, 624519, 624628, 626047, 626406, 629073, 629614, 632296, 635208, 636241, 636965, 637753, 638792, 639709, 640318, 640327, 641456, 641531, 642655, 646769, 647045, 647971, 648657, 650949, 652579, 656659, 656942, 656947, 657326, 658591, 658818, 659204, 660947, 661907, 661948, 662362, 662425, 663507, 663537, 664530, 666123, 667021, 667512, 668061, 668977, 669043, 669475, 669723, 671050, 671393, 671410, 673232, 674717, 675474, 676060, 677624, 677846, 678792, 680169, 680512, 681945, 684603, 685997, 686129, 687154, 687371, 687614, 693807, 694737, 694994, 696440, 696839, 698370, 699169, 699904, 700028, 700047, 700939, 701100, 702407, 703331, 703954, 704444, 705702, 707042, 708987, 709005, 711752, 712136, 713367, 714101, 714903, 715512, 716391, 716651, 716971, 717398, 719160, 719238, 719407, 720992, 721025, 721132, 723259, 723635, 725848, 725867, 725964, 726801, 726861, 728669, 729715, 730732, 732835, 733886, 735958, 736250, 738567, 740656, 740959, 741101, 741447, 742159, 743450, 744491, 745574, 745858, 746254, 747737, 750945, 750967, 751888, 753708, 758064, 758948, 759465, 760316, 760403, 761010, 761565, 763605, 765175, 765473, 767253, 768223, 768258, 768603, 770984, 771108, 771627, 773150, 774105, 775547, 775800, 778071, 780488, 784183, 786075, 786661, 791218, 791405, 792666, 793400, 793745, 794710, 794848, 796201, 796382, 796614, 796874, 798865, 801053, 801164, 801714, 806223, 806358, 807364, 807927, 809365, 810276, 810611, 811646, 812322, 812723, 812782, 815363, 816558, 819878, 819966, 820679, 821131, 823247, 824948, 825340, 827587, 828066, 828194, 828962, 829914, 830937, 832546, 832803, 833345, 833397, 833399, 833839, 834986, 835285, 835631, 836197, 837039, 837673, 837715, 838504, 838656, 839054, 839390, 839430, 840414, 843285, 843971, 846164, 846219, 848896, 849309, 850156, 852221, 852336, 853811, 854172, 854654, 856008, 856223, 856389, 856997, 857594, 857849, 859326, 859786, 860363, 860628, 860889, 862512, 862676, 862939, 867335, 868099, 868443, 871179, 871477, 872658, 873803, 875260, 876505, 876996, 877109, 879200, 879457, 879997, 880793, 881186, 882150, 882594, 882924, 883115, 883550, 883841, 885785, 886327, 889475, 889807, 890680, 890897, 890944, 892298, 892576, 893390, 895895, 896498, 896773, 898114, 899051, 900307, 901231, 901503, 901563, 901612, 902312, 903409, 903701, 903775, 904416, 904838, 907621, 909000, 909344, 911784, 911893, 912216, 912606, 913049, 914553, 916582, 917669, 917827, 919592, 921050, 921859, 922918, 924099, 924559, 925096, 926020, 926191, 926329, 926482, 927856, 929132, 929149, 930078, 930649, 931593, 931655, 932586, 933465, 933570, 935086, 935315, 936668, 941754, 942204, 942868, 944068, 944539, 945969, 946499, 947126, 948626, 950124, 950970, 951348, 952730, 952924, 953475, 954537, 956602, 957072, 957324, 957751, 957800, 958258, 959384, 959710, 959716, 960137, 961338, 962906, 963506, 963558, 963910, 964505, 964738, 965569, 966237, 966835, 967001, 968119, 969101, 971107, 971528, 973339, 974225, 974836, 975288, 976883, 977195, 977708, 977870, 978086, 978498, 978512, 978521, 978863, 982249, 983108, 984241, 985313, 987060, 987400, 989025, 991778, 992039, 996120, 996145, 997467, 997950, 998066, 999815]]
Loss function:

Experiment: Bubble Sort Test Experiment

2
 cd /home/julius/Dokumente/Uni/HPI/Jobs/GFZ/SacredTest && python bubble.py bubblesort_input_dataset.csv reversed 
{'name': 'array_file_path', 'value': 'bubblesort_input_dataset.csv'}
INFO - Bubble Sort - Completed after 0:00:01
