INFO - Bubble Sort - Running command 'bubbleSort'
INFO - Bubble Sort - Started run with ID "586"
Accuracy function: 
Algorithm still working fine

Accuracy function: 
Accuracy function: 5

Accuracy function: 
Algorithm still working fine

Accuracy function: 
Accuracy function: 9

Accuracy function: 
Algorithm still working fine

Accuracy function: 
Accuracy function: 12

Accuracy function: 
Algorithm still working fine

Accuracy function: 
Accuracy function: 14

Accuracy function: 
[[1377, 1675, 1945, 1990, 3420, 4013, 4177, 4707, 6204, 6426, 6674, 11211, 11591, 12212, 13128, 13790, 16308, 16775, 20038, 20393, 20785, 20826, 23825, 24846, 25271, 27286, 27540, 27576, 31144, 31466, 32088, 32526, 33703, 34448, 37710, 37742, 39776, 40173, 40379, 41610, 42425, 44042, 44546, 44771, 45454, 46389, 47953, 49063, 49113, 49133, 50282, 50802, 51347, 53679, 53821, 53951, 56321, 58184, 59277, 61315, 63713, 65600, 65927, 66273, 67281, 68620, 69300, 69308, 69932, 70141, 71027, 72079, 72761, 73658, 74919, 76060, 76692, 78258, 79649, 83000, 83349, 84400, 86670, 86821, 89492, 89963, 92242, 92581, 92754, 94426, 96681, 97456, 97869, 98242, 98407, 100017, 100328, 101444, 101619, 103268, 103997, 104473, 106394, 107424, 107699, 108230, 108475, 109069, 109227, 109681, 110868, 111599, 112330, 112882, 113387, 117527, 117805, 118732, 119173, 119761, 119834, 119931, 120151, 120828, 123493, 124328, 125398, 125730, 126061, 126962, 128493, 129032, 129464, 129742, 133669, 134806, 136030, 136043, 136259, 136553, 136914, 137112, 137151, 137431, 137573, 141778, 142255, 143071, 143407, 145121, 146128, 147123, 148086, 148673, 151062, 152898, 153032, 154592, 155468, 155806, 155926, 157271, 157742, 161751, 162176, 162888, 164048, 164524, 164725, 164931, 167273, 167316, 168382, 169465, 169596, 170537, 172727, 175529, 175900, 176172, 176614, 176778, 176839, 177389, 178726, 183277, 185143, 185320, 185677, 190117, 190539, 190883, 191825, 192844, 194134, 195053, 196381, 197304, 198929, 199256, 200951, 201077, 201509, 203907, 205813, 206206, 207056, 207547, 207568, 209346, 209905, 210966, 212479, 213157, 213701, 217946, 220704, 227317, 227744, 228152, 230369, 230401, 232459, 233421, 233904, 239684, 240335, 240480, 241025, 243256, 243326, 243841, 243924, 246174, 247259, 248835, 249172, 251445, 254416, 254763, 257962, 258717, 258839, 261120, 261392, 261783, 262008, 263779, 264569, 265301, 266110, 266863, 268292, 268397, 268893, 269338, 269405, 273309, 273932, 274218, 275027, 275289, 276207, 277016, 277082, 279883, 283219, 284794, 285539, 286277, 286796, 288146, 288397, 289055, 289577, 289971, 290604, 291726, 292420, 293800, 293907, 294291, 294370, 294619, 295013, 295446, 295467, 296855, 297107, 298236, 298951, 300787, 300899, 302953, 304721, 306401, 306583, 307285, 308899, 309303, 310024, 310582, 311161, 311662, 311788, 312705, 313140, 314172, 314270, 315956, 316282, 316572, 318592, 325672, 325861, 327017, 328531, 329295, 329829, 329981, 331492, 333218, 334311, 334789, 334883, 337805, 337878, 338134, 338439, 340080, 341396, 342230, 343758, 344047, 345352, 345368, 345385, 345641, 347444, 349951, 350871, 351327, 351919, 353132, 353699, 356374, 357724, 358643, 359838, 360345, 361729, 362171, 362384, 362804, 363146, 363886, 364546, 364658, 364682, 365627, 366503, 367496, 368031, 368601, 368905, 369665, 370279, 370660, 371879, 371912, 372354, 372627, 373553, 373799, 374231, 374290, 374851, 375060, 376506, 376921, 378672, 380804, 382662, 383498, 386872, 387293, 387355, 391077, 391478, 391886, 392269, 392489, 392534, 393272, 393743, 393764, 394895, 396088, 396719, 399895, 400254, 400328, 401027, 403122, 404538, 405424, 407111, 408601, 408643, 409203, 411080, 412400, 413070, 413789, 414937, 418031, 418098, 418826, 419010, 419514, 421280, 421687, 422266, 425243, 425651, 425993, 426490, 427042, 427760, 428166, 428352, 428607, 429856, 429899, 430717, 435792, 436391, 436692, 437346, 437470, 438628, 438986, 440323, 440689, 441159, 441529, 443394, 444163, 444376, 444619, 445299, 446501, 447224, 447582, 447899, 448069, 449532, 449767, 450172, 452461, 452666, 453531, 453640, 455242, 455443, 455715, 456449, 457159, 457682, 457757, 458035, 458595, 460857, 461170, 461499, 462245, 462452, 462493, 463221, 464277, 464938, 465808, 467864, 470813, 470994, 471981, 475216, 476270, 476378, 477950, 478521, 478962, 479183, 479233, 479952, 480033, 480093, 481121, 481250, 481725, 482952, 484581, 485400, 489810, 490795, 491128, 491459, 494244, 494934, 497363, 498111, 499267, 499569, 500732, 504106, 505882, 506129, 507000, 507967, 508523, 508548, 509083, 509458, 510804, 510897, 511011, 511898, 512638, 513319, 513553, 514805, 516387, 518740, 519357, 520608, 521910, 522523, 522733, 523139, 524724, 524876, 527000, 528190, 528586, 529141, 529206, 529305, 529834, 530406, 530567, 530672, 530991, 532118, 533390, 535770, 536423, 538378, 538466, 539734, 541685, 542446, 545028, 545382, 545520, 546528, 547466, 550700, 550714, 550815, 551436, 551669, 552269, 553945, 554487, 555710, 556000, 556666, 557289, 557891, 559168, 560445, 560732, 561037, 561332, 561733, 562363, 563041, 566745, 567433, 567708, 568135, 568525, 569027, 571260, 573373, 575480, 575618, 575645, 576442, 577728, 578377, 579739, 582487, 582539, 582583, 584747, 584940, 587215, 587242, 587932, 588756, 590243, 590258, 590794, 591403, 593030, 593336, 593612, 594069, 594234, 594635, 595199, 595636, 598093, 598221, 598321, 598716, 599226, 599379, 600015, 600984, 601082, 601100, 601280, 602524, 602676, 602823, 603064, 606995, 608424, 609003, 609504, 611808, 615427, 615758, 618314, 618956, 619733, 620204, 622454, 622822, 623361, 623602, 626665, 627423, 627527, 627956, 630462, 630925, 631695, 632154, 633145, 633228, 633945, 635718, 636662, 636791, 637202, 639229, 640025, 640923, 641359, 641788, 642270, 645015, 645646, 646732, 651005, 653524, 655929, 658476, 659658, 659738, 662981, 663649, 665300, 665738, 667511, 667873, 668942, 670065, 670104, 670118, 670582, 670649, 671240, 671534, 671555, 672753, 674229, 675514, 677348, 677747, 678264, 679255, 680454, 682142, 682703, 683966, 685700, 686783, 687014, 687386, 687886, 688151, 688217, 693567, 693604, 694553, 695360, 698841, 701992, 702895, 704464, 704696, 705999, 706404, 707277, 708539, 709482, 709779, 710141, 710519, 710873, 711116, 711410, 711861, 714474, 714642, 715105, 719775, 721298, 721983, 722323, 725312, 725932, 726999, 727152, 729913, 730873, 730874, 735050, 736853, 737091, 737845, 738073, 742202, 742735, 742763, 746187, 749899, 752618, 752903, 753338, 756125, 757033, 757935, 759689, 759798, 761352, 762457, 765340, 766437, 767746, 767747, 768456, 770271, 773921, 774103, 775121, 775635, 776724, 777067, 777443, 778565, 778757, 779079, 779332, 782017, 782328, 784349, 785908, 786346, 786778, 787748, 788352, 790662, 791177, 791481, 793439, 795377, 795647, 796012, 796490, 799666, 803259, 803465, 804183, 804666, 804965, 805804, 806144, 806611, 807165, 807523, 807688, 807777, 808474, 809601, 812328, 812452, 813060, 813454, 814839, 815102, 816045, 816149, 817772, 819875, 820318, 821612, 821820, 824481, 825122, 826794, 827060, 827387, 828698, 829629, 829977, 830388, 830975, 833477, 835609, 837550, 840210, 840368, 840803, 841082, 841108, 841227, 844798, 846095, 846118, 847454, 847612, 847942, 851012, 851554, 851879, 852071, 852182, 852486, 854103, 854282, 856027, 856806, 857598, 859197, 860210, 864320, 865409, 865532, 865578, 865616, 865642, 865930, 866138, 868041, 868429, 868919, 870184, 873275, 873864, 876469, 877316, 878207, 878588, 878766, 880502, 882005, 885381, 887456, 888196, 888253, 888648, 888806, 888822, 888943, 889320, 889437, 889441, 890442, 890597, 891729, 891873, 894002, 894238, 895596, 896126, 896539, 898590, 898893, 899951, 901284, 902050, 902121, 904125, 904905, 905039, 906564, 908480, 908955, 909767, 912764, 912836, 914377, 915049, 915359, 915399, 916516, 917408, 917432, 918748, 919434, 922586, 923150, 927003, 928039, 928576, 929545, 929753, 929945, 930364, 931628, 932477, 932879, 934577, 935109, 936561, 936656, 937985, 938657, 941703, 945225, 945365, 948847, 949906, 950073, 951766, 952984, 953591, 955024, 955816, 958516, 959441, 961466, 962779, 962999, 963412, 964755, 965881, 966372, 967020, 967902, 968625, 968890, 970226, 972067, 973231, 974618, 975514, 977177, 979729, 982047, 984967, 985272, 985468, 985762, 986425, 987778, 989381, 990039, 990153, 990264, 990970, 991032, 992073, 992389, 992407]]


Experiment: Bubble Sort Test Experiment

2
 cd /home/julius/Dokumente/Uni/HPI/Jobs/GFZ/SacredTest && python bubble.py bubblesort_input_dataset.csv reversed 
{'value': 'bubblesort_input_dataset.csv', 'name': 'array_file_path'}
INFO - Bubble Sort - Completed after 0:00:01
