INFO - Bubble Sort - Running command 'bubbleSort'
INFO - Bubble Sort - Started run with ID "588"


Bubble Sort Test Experiment is running for 2 seconds!


Accuracy function: 
Algorithm still working fine

Accuracy function: 
Accuracy function: 5

Accuracy function: 
Algorithm still working fine

Accuracy function: 
Accuracy function: 9

Accuracy function: 
Algorithm still working fine

Accuracy function: 
Accuracy function: 12

Accuracy function: 
Algorithm still working fine

Accuracy function: 
Accuracy function: 14

Accuracy function: 
[[61, 1559, 1685, 1918, 3079, 3394, 4264, 5115, 5257, 5972, 6387, 8217, 9014, 11411, 11806, 12448, 15588, 15800, 17088, 19445, 20903, 21268, 26572, 26986, 27055, 30782, 31671, 31801, 31902, 32942, 33207, 33892, 35931, 35959, 36464, 37698, 37904, 40591, 41054, 41815, 43072, 44375, 46100, 47282, 47431, 47580, 47728, 47786, 47836, 48964, 49698, 51277, 52027, 52958, 54368, 55194, 55949, 56206, 57247, 59011, 60647, 60971, 63941, 64282, 64783, 67116, 67214, 68630, 68758, 69514, 70061, 70596, 71205, 71274, 71347, 72768, 72921, 73441, 73735, 75806, 76034, 79743, 86572, 88314, 88763, 88961, 89684, 90758, 95085, 96409, 97476, 98401, 99998, 100717, 101178, 104761, 104924, 105494, 105613, 106260, 106348, 107093, 109493, 110210, 111908, 112135, 112863, 113040, 114181, 115503, 116292, 116638, 117416, 117655, 123415, 125830, 126550, 128780, 129446, 130279, 130536, 130925, 130950, 131820, 131871, 132306, 133296, 133575, 135744, 135971, 137044, 137640, 138320, 139752, 141602, 141927, 142453, 142659, 143840, 143867, 144639, 144748, 147891, 148366, 149135, 150181, 150670, 150967, 151036, 151355, 151464, 151806, 152199, 154153, 155378, 156621, 156952, 157044, 158267, 158809, 158890, 159379, 161135, 161220, 161890, 162066, 162849, 165059, 166805, 167008, 168113, 168955, 169063, 171274, 171774, 173339, 173773, 175286, 175301, 179658, 180000, 180435, 181938, 182028, 185295, 186243, 186509, 187016, 190827, 192194, 194066, 194496, 195367, 195623, 195921, 196160, 196257, 198154, 199212, 199578, 200239, 200783, 200963, 201784, 202308, 204386, 204908, 205407, 206030, 206284, 207070, 208675, 209327, 210835, 211820, 213578, 215912, 215943, 217608, 217889, 218279, 219906, 220008, 220090, 220993, 221782, 224022, 226468, 227500, 227802, 227863, 229903, 230524, 230527, 232476, 233751, 233776, 234562, 234731, 235617, 236318, 236863, 237859, 240612, 240640, 241051, 242728, 244389, 244907, 245389, 245669, 246671, 248117, 249726, 250182, 250952, 251628, 251827, 252870, 256785, 257123, 257621, 258292, 260694, 261345, 262400, 265545, 266170, 266308, 268963, 269472, 272472, 272813, 273100, 274270, 274575, 276386, 277659, 280668, 283422, 283658, 284447, 284563, 285838, 289538, 289586, 289590, 289988, 290376, 290710, 290979, 291459, 292594, 292676, 293141, 294705, 297243, 297468, 298287, 298774, 300384, 303436, 304378, 305891, 306403, 306580, 307040, 307269, 307275, 307401, 308413, 308907, 309507, 310608, 310851, 312863, 314558, 315313, 315801, 317177, 318161, 319198, 319727, 320367, 321291, 321630, 322034, 326897, 327783, 330449, 330842, 331185, 333467, 333681, 336717, 336861, 341129, 342841, 343852, 343953, 344168, 344211, 345338, 345782, 346757, 347216, 347241, 348149, 348608, 348779, 349391, 350094, 350494, 350577, 350726, 351705, 351896, 352533, 354443, 357557, 358235, 358511, 359233, 359748, 361182, 362186, 362570, 363968, 364263, 366132, 368995, 369280, 369535, 369599, 370043, 370549, 373232, 373575, 374060, 374493, 374589, 376367, 377882, 379134, 379781, 380490, 380924, 381209, 381557, 382512, 382513, 386076, 386985, 388297, 392613, 392841, 393852, 394060, 394675, 396788, 398082, 398429, 399109, 399252, 399254, 399502, 400274, 400678, 401832, 404610, 404932, 405036, 407892, 408607, 408848, 409493, 410584, 411086, 411285, 411660, 412011, 413066, 415325, 417747, 417867, 417968, 419186, 419737, 422043, 424605, 424758, 424998, 426189, 427649, 427863, 428825, 429380, 429453, 429972, 430450, 430784, 433441, 436482, 436495, 439307, 439572, 440890, 441152, 442453, 443061, 443372, 443608, 447299, 448645, 449243, 449261, 449728, 449997, 450629, 450867, 451845, 452222, 452826, 452863, 453214, 454107, 454441, 454621, 455240, 455354, 457825, 460121, 460729, 460741, 462919, 465823, 466356, 467071, 467077, 467485, 468033, 468121, 473441, 476298, 476559, 480827, 481927, 482249, 482590, 484936, 485823, 485957, 486770, 487228, 487354, 487477, 489301, 489344, 490377, 492557, 494785, 494818, 494833, 496904, 497585, 497773, 498501, 499072, 499104, 499631, 499654, 500429, 501335, 503272, 503736, 504359, 505944, 506672, 506806, 507394, 508458, 508687, 508772, 508864, 510261, 510908, 510957, 513519, 513836, 514683, 515112, 515644, 515694, 516250, 517220, 517388, 517464, 517580, 518033, 520077, 521985, 524482, 524593, 524989, 525512, 527387, 527874, 528364, 530781, 534173, 535244, 535901, 541574, 542125, 543646, 544255, 545689, 549397, 549703, 550762, 551298, 551867, 553009, 553540, 555478, 556474, 557231, 558413, 558483, 558742, 561446, 562885, 563983, 564786, 565918, 566419, 566885, 567823, 567994, 568296, 570960, 571968, 572004, 572643, 573734, 574049, 574573, 574993, 575854, 578105, 579242, 579266, 583490, 585736, 587158, 588822, 589542, 590929, 591841, 591849, 591890, 592216, 592464, 592738, 594387, 596532, 597035, 598956, 600779, 601310, 602115, 603460, 604510, 606161, 606871, 607344, 609004, 609233, 609624, 611463, 612413, 614516, 616652, 616732, 617494, 618423, 618883, 619103, 619784, 621130, 621193, 621781, 622358, 622852, 623403, 623913, 624670, 625407, 628335, 630216, 633140, 633610, 634570, 636345, 637235, 638260, 638505, 638740, 638808, 640634, 642084, 642157, 642333, 644056, 644321, 645123, 646888, 650002, 650310, 650484, 650653, 650659, 651535, 651652, 651697, 652656, 653900, 656109, 656477, 657033, 658687, 659227, 659263, 659680, 659839, 661197, 661924, 664725, 666939, 667732, 668958, 669528, 670414, 671026, 672178, 673198, 673458, 673958, 675254, 675865, 679518, 679594, 681379, 682205, 682819, 684711, 685188, 687975, 688283, 689537, 689590, 689845, 690131, 692418, 693190, 696898, 701138, 702083, 703959, 704748, 704861, 705707, 706409, 708208, 710141, 712532, 714378, 714543, 716157, 718893, 720075, 722036, 722506, 724429, 725543, 725862, 726200, 727444, 727635, 728130, 728477, 728489, 728917, 729462, 729955, 731828, 732650, 733226, 734558, 734896, 735549, 736022, 737778, 738449, 738513, 739118, 740328, 741664, 742277, 744318, 744868, 745637, 748032, 748720, 750483, 750686, 751446, 752509, 755317, 755985, 758149, 759278, 759915, 762085, 764480, 765297, 767447, 768259, 768781, 769762, 770537, 771822, 772777, 774183, 774517, 775918, 776039, 778508, 781055, 783185, 784633, 786845, 786850, 786870, 789177, 790950, 792566, 792669, 793353, 793855, 794888, 795113, 796932, 797334, 797610, 799426, 802043, 802073, 802612, 804547, 809672, 810393, 810558, 811843, 814016, 814333, 815155, 815355, 815580, 816262, 816655, 817830, 818473, 819472, 819512, 820982, 821210, 823328, 824872, 826673, 826715, 826940, 827199, 829799, 829848, 830721, 831257, 833494, 834049, 834778, 836419, 838989, 839590, 839771, 842518, 843962, 844228, 844692, 845108, 845315, 846657, 847700, 848929, 850351, 850726, 851625, 852141, 853141, 853268, 855577, 856248, 856412, 857215, 857328, 857345, 862563, 862948, 865709, 866087, 868246, 869575, 871262, 872903, 872972, 874090, 874342, 875612, 875647, 876772, 878590, 878675, 879113, 883696, 883923, 886702, 889062, 891573, 893028, 894214, 895197, 895345, 895432, 895649, 899501, 900768, 901095, 901518, 901652, 903930, 904082, 906273, 908034, 908706, 909310, 910430, 910760, 911507, 912163, 912712, 913373, 914043, 914228, 915695, 916074, 916705, 917065, 919997, 920125, 921440, 921952, 922858, 922864, 923536, 924520, 924861, 927159, 927211, 928541, 928797, 928907, 929684, 930006, 930045, 931525, 933039, 933074, 933455, 934179, 938387, 938967, 939072, 940433, 940807, 941245, 941636, 942081, 942959, 944615, 945068, 945134, 945142, 945759, 947716, 948924, 949021, 949508, 949927, 951178, 953305, 957100, 957226, 958069, 958881, 959312, 959330, 959988, 960426, 960961, 962612, 963595, 964223, 964959, 968250, 969778, 970124, 970503, 970538, 970713, 971105, 972126, 972241, 972540, 972789, 973028, 973875, 974305, 976330, 976686, 976735, 977957, 979901, 983407, 983524, 985425, 985695, 987388, 988324, 988606, 989599, 991106, 992510, 994310, 994686, 995383, 995995, 996574, 996873, 998092, 999422, 999766]]


Experiment: Bubble Sort Test Experiment

2
 cd /home/julius/Dokumente/Uni/HPI/Jobs/GFZ/SacredTest && python bubble.py bubblesort_input_dataset.csv reversed 
{'value': 'bubblesort_input_dataset.csv', 'name': 'array_file_path'}
INFO - Bubble Sort - Completed after 0:00:01
