INFO - Bubble Sort - Running command 'bubbleSort'
INFO - Bubble Sort - Started run with ID "541"


Bubble Sort Test Experiment is running for 2 seconds!


Algorithm still working fine
Loss function:
False
0
Loss function:96
Loss function:
True
1
Algorithm still working fine
Loss function:
False
2
Loss function:93
Loss function:
True
3
Algorithm still working fine
Loss function:
False
4
Loss function:91
Loss function:
True
5
Algorithm still working fine
Loss function:
False
6
Loss function:90
Loss function:
True
7
[[120, 678, 1555, 1612, 2098, 5363, 9244, 9606, 15499, 16696, 18124, 20319, 21458, 23939, 25307, 25622, 26164, 26351, 27525, 28245, 28553, 28850, 29733, 30566, 30765, 30959, 32099, 33103, 34083, 34220, 34468, 34703, 35218, 35810, 36387, 36823, 37799, 38782, 41293, 42137, 42364, 43856, 45471, 45793, 47323, 47786, 49459, 50222, 50436, 51030, 53246, 54682, 55912, 57163, 58463, 58464, 58505, 60185, 61397, 61449, 62154, 67316, 67517, 70691, 71440, 73823, 74433, 76218, 76558, 77442, 77682, 78495, 79548, 79882, 81750, 82411, 83602, 84616, 84664, 85157, 87119, 88139, 90944, 91037, 91788, 93250, 95128, 96850, 98056, 98244, 98810, 98862, 101951, 103493, 104137, 107043, 107178, 107624, 108404, 108516, 112373, 112890, 113635, 114626, 114856, 116012, 116616, 120497, 120514, 121764, 121841, 122152, 123323, 123721, 123758, 125152, 126600, 126618, 127566, 127795, 128391, 131277, 131374, 132087, 132329, 134294, 134563, 135331, 135646, 136960, 137260, 138754, 138986, 140659, 141632, 142579, 142744, 143089, 144198, 144788, 148329, 149035, 149427, 149474, 149527, 149943, 150127, 150369, 151542, 152152, 152645, 155203, 156669, 156938, 158852, 159247, 159864, 160134, 161431, 161963, 162012, 162057, 162389, 163524, 164358, 166443, 166446, 170634, 170877, 171904, 172892, 173068, 173357, 174874, 175112, 176080, 176458, 177577, 178168, 179666, 179813, 180736, 182544, 182569, 185642, 185927, 186065, 186273, 186379, 187375, 187663, 187686, 188147, 188814, 189301, 190567, 191494, 191702, 194067, 196651, 200197, 201684, 201895, 202450, 202908, 203292, 205154, 207117, 208237, 208385, 211027, 211231, 211286, 214453, 214811, 216162, 216443, 217128, 217566, 218106, 219236, 219846, 222332, 222745, 223001, 224738, 226584, 227196, 227204, 227712, 229967, 230532, 231511, 231663, 231845, 232648, 233507, 233778, 234282, 234745, 234808, 235430, 236465, 242493, 242767, 244695, 244820, 245853, 246249, 246726, 248252, 249073, 249759, 250280, 250692, 250927, 252046, 254365, 256177, 257931, 258215, 259769, 260196, 260647, 260664, 261987, 262043, 264183, 266387, 266959, 267117, 270118, 271101, 272103, 273347, 277102, 277227, 277993, 278373, 279186, 279470, 281143, 281888, 284407, 285859, 287897, 288639, 288875, 289013, 289933, 290658, 291305, 292184, 292247, 293972, 294016, 295663, 296641, 298352, 298482, 298559, 298682, 299572, 300789, 301997, 302117, 303006, 304075, 304137, 304436, 304812, 306274, 307024, 307572, 312760, 312982, 313068, 314009, 314473, 314474, 315428, 315867, 316344, 316635, 317032, 317870, 318088, 320156, 321817, 322038, 324164, 324237, 324670, 325254, 325505, 326584, 327723, 328137, 328491, 330057, 334127, 335723, 336200, 336673, 336693, 336707, 338459, 341202, 341694, 342254, 342501, 344281, 345617, 347248, 347667, 349411, 349922, 350344, 350510, 353726, 354217, 354929, 355803, 356056, 356147, 356707, 356723, 358285, 359324, 363006, 363011, 363999, 368213, 369962, 371640, 372153, 373938, 376231, 376320, 376937, 377058, 377072, 378828, 379892, 380244, 382507, 383317, 383400, 384925, 385129, 386436, 386545, 388926, 388933, 389756, 390675, 391787, 392234, 393611, 395705, 396620, 397919, 398746, 399265, 401916, 402386, 402660, 403022, 405063, 405108, 407113, 407468, 409930, 412546, 412711, 414278, 415290, 415695, 423469, 423891, 424775, 427525, 427967, 428640, 430702, 431267, 432469, 432658, 432925, 433307, 434828, 436810, 440917, 441088, 442145, 442782, 444529, 445211, 445230, 447741, 448312, 449983, 450091, 450913, 452954, 453000, 453048, 453388, 454239, 454485, 461516, 464345, 464588, 465265, 465985, 466899, 467257, 468525, 469430, 472790, 473284, 474676, 476258, 476430, 476544, 477498, 477905, 479107, 479323, 480059, 484160, 486407, 487624, 488499, 489947, 490660, 490730, 493346, 494990, 495056, 496470, 496838, 497177, 497917, 498193, 498223, 498256, 498700, 499299, 499391, 500582, 501056, 502888, 503152, 503417, 503836, 504247, 508521, 508685, 508765, 510328, 511315, 512110, 512538, 512869, 513004, 513084, 515161, 516440, 518601, 520212, 521134, 524088, 526528, 526702, 527042, 527044, 527249, 528274, 528864, 529939, 530108, 530174, 532679, 533357, 534543, 534738, 534884, 535763, 536479, 537391, 540668, 540858, 541200, 542016, 545623, 546076, 547318, 547593, 551644, 551757, 552839, 556894, 557401, 558758, 559374, 560026, 561190, 561267, 561695, 561919, 562663, 565545, 566197, 567956, 567978, 571311, 572345, 572686, 573824, 574299, 575119, 576512, 577734, 581457, 582377, 582909, 584282, 585138, 585580, 585658, 585754, 585881, 586055, 586732, 586956, 587104, 587617, 587620, 588319, 589491, 590131, 590299, 590444, 592838, 592982, 593502, 595915, 596884, 596898, 599844, 601636, 601939, 602768, 602838, 603123, 605011, 605233, 606433, 608940, 609174, 611466, 613467, 614067, 614881, 616453, 616459, 616672, 616765, 617447, 617967, 618429, 618736, 619011, 619884, 620199, 620257, 620440, 621595, 621742, 621980, 622946, 625116, 631152, 631998, 633045, 633335, 633838, 633844, 633970, 634608, 634670, 638078, 638147, 638496, 642529, 644587, 644636, 644716, 646343, 647392, 647497, 647704, 647787, 648716, 652373, 652535, 652925, 653025, 654101, 657573, 658187, 660029, 660211, 660299, 661115, 662709, 662954, 664089, 664137, 664177, 664211, 665860, 667562, 667865, 669750, 670368, 670428, 671291, 673183, 673540, 673567, 674403, 675280, 679049, 679617, 681561, 682266, 682947, 683685, 685391, 686956, 691556, 691684, 691785, 692542, 692960, 693024, 693889, 695341, 696135, 696441, 696875, 696956, 697584, 697669, 698055, 698676, 699759, 700295, 702130, 702215, 703479, 704393, 706051, 706073, 706200, 708678, 709998, 710298, 711426, 713377, 714408, 714462, 716979, 718101, 719573, 721049, 722700, 725524, 725770, 726408, 729697, 731491, 731527, 731531, 731995, 733719, 734557, 734668, 735291, 736661, 738075, 739880, 742572, 742834, 742854, 743664, 743687, 745820, 745885, 746223, 746517, 746777, 748811, 750878, 751131, 755418, 755446, 756499, 757033, 757894, 758323, 758340, 758684, 759963, 760254, 760590, 760596, 760688, 760772, 760991, 762366, 762641, 765853, 765922, 767374, 769819, 770795, 770841, 771201, 772020, 772045, 772378, 773815, 774811, 776751, 776778, 778102, 778729, 780218, 780881, 781180, 781361, 784064, 785755, 785879, 786379, 788348, 789209, 789341, 789462, 793942, 796775, 798581, 798970, 799484, 799619, 800784, 801079, 802522, 802572, 802636, 803341, 807437, 808078, 809621, 809948, 810199, 810635, 811658, 812588, 812753, 813593, 814109, 814697, 816267, 817019, 819221, 819673, 819946, 820041, 820702, 820901, 820991, 824583, 825091, 826409, 827466, 829391, 830238, 831098, 834322, 834553, 834831, 835502, 836996, 837119, 837156, 837528, 838509, 839461, 839705, 840543, 840918, 841498, 841747, 843093, 843385, 843558, 844725, 846750, 847204, 848258, 848798, 849045, 849489, 850819, 851576, 851598, 854324, 856704, 858284, 858731, 858908, 859277, 859412, 860789, 861533, 862427, 862481, 865081, 866589, 867811, 868444, 868506, 869152, 869546, 869565, 869970, 870505, 872995, 873465, 873704, 873871, 873941, 875918, 876331, 877313, 878220, 879116, 883970, 884015, 884894, 885005, 885029, 885459, 886962, 888128, 889399, 889645, 889773, 890257, 892697, 892928, 893034, 893184, 893985, 895119, 896096, 896287, 896532, 897729, 898325, 902263, 902656, 903568, 906013, 907745, 908612, 912172, 914015, 916456, 917150, 919774, 919804, 920456, 922929, 923189, 923253, 924716, 924772, 925138, 926186, 926900, 927661, 928535, 928668, 929558, 929622, 931984, 933922, 934768, 936026, 936808, 937327, 939155, 939632, 939823, 941478, 942969, 943727, 944359, 945399, 945807, 947137, 949781, 951144, 953444, 955023, 955127, 955181, 955185, 957296, 959521, 959838, 960137, 960970, 962996, 964355, 965081, 966812, 968819, 968859, 970445, 972531, 972590, 974368, 976159, 976186, 976495, 977254, 979706, 984589, 985058, 985851, 986037, 986491, 987612, 988109, 988538, 990595, 990878, 991136, 992642, 993714, 997401, 998597, 998616, 999669]]
Loss function:
False
8

Experiment: Bubble Sort Test Experiment

2
 cd /home/julius/Dokumente/Uni/HPI/Jobs/GFZ/SacredTest && python bubble.py bubblesort_input_dataset.csv reversed 
{'name': 'array_file_path', 'value': 'bubblesort_input_dataset.csv'}
INFO - Bubble Sort - Completed after 0:00:01
