INFO - Bubble Sort - Running command 'bubbleSort'
INFO - Bubble Sort - Started run with ID "524"


Bubble Sort Test Experiment is running for 2 seconds!


Algorithm still working fine
False
Loss function:96
True
Algorithm still working fine
False
Loss function:93
True
Algorithm still working fine
False
Loss function:91
True
Algorithm still working fine
False
Loss function:90
True
[[590, 753, 1452, 2132, 2989, 3959, 4173, 5340, 5636, 6096, 6684, 8666, 9161, 9405, 9715, 10085, 11006, 11103, 12037, 13372, 14047, 15447, 16009, 16808, 18667, 20033, 20931, 21725, 22211, 22504, 26540, 26865, 27182, 27360, 27684, 29368, 29422, 29934, 30176, 30797, 31525, 32495, 34538, 35126, 36861, 37333, 38119, 38339, 38764, 39492, 40009, 41621, 42366, 45225, 46295, 46730, 46783, 47676, 47708, 47800, 48800, 50415, 50504, 50634, 53792, 55194, 56306, 58362, 59654, 60052, 60341, 62314, 65453, 65939, 66069, 66412, 66813, 67036, 69910, 71035, 71413, 72664, 72717, 73246, 73616, 74971, 76035, 76717, 76908, 77187, 77204, 78891, 79717, 81172, 82756, 83143, 83667, 84382, 86011, 86882, 88433, 90967, 91056, 92218, 92589, 93183, 95372, 96645, 96869, 97480, 97855, 97893, 99387, 100916, 101034, 101442, 103935, 105820, 108195, 109493, 109878, 111023, 111115, 114865, 115313, 115657, 115826, 117369, 117599, 118561, 118773, 120138, 123801, 127165, 127943, 128370, 128378, 128746, 130512, 130933, 130997, 132828, 133898, 135524, 137139, 139479, 140526, 142425, 143205, 143704, 145801, 145838, 147135, 147719, 148052, 148327, 148374, 148835, 148875, 149240, 152719, 153291, 154081, 155496, 156603, 157477, 158156, 159883, 160052, 163896, 163955, 164424, 165484, 165657, 166162, 166441, 166458, 166578, 169782, 170399, 170895, 170910, 171772, 173468, 173521, 175670, 177151, 177307, 179182, 179980, 180542, 181585, 181711, 182175, 183260, 184258, 184506, 185956, 186574, 188004, 188053, 188171, 188371, 188721, 188999, 189154, 189660, 191827, 192265, 192287, 194014, 194582, 194985, 195151, 197836, 198025, 198958, 199108, 199442, 200667, 201878, 202751, 203979, 206295, 206475, 206693, 206772, 207999, 208069, 208633, 209701, 209833, 209957, 210253, 210775, 211945, 211975, 212619, 212723, 214937, 215534, 216907, 217790, 220342, 220424, 221008, 221450, 222814, 223228, 223643, 224659, 225050, 225831, 226175, 226589, 226858, 228298, 229718, 232371, 232802, 235846, 236446, 236628, 239977, 241058, 241925, 241941, 243202, 243814, 245862, 246110, 248215, 248329, 250517, 251880, 252102, 252178, 254819, 256108, 256640, 258256, 258398, 258595, 259564, 261551, 261810, 262546, 262644, 265006, 266274, 266419, 267375, 269053, 269401, 269721, 270161, 271769, 271883, 272151, 272617, 273113, 273843, 274651, 274655, 275746, 280412, 281080, 281303, 281669, 283171, 283671, 285666, 285757, 286288, 286539, 287921, 288637, 288690, 290152, 290610, 292300, 292511, 293479, 293618, 294127, 294948, 295503, 296384, 297050, 297114, 297775, 298619, 298951, 302094, 303003, 304019, 304578, 306110, 309879, 310322, 318364, 318712, 319322, 320721, 323203, 323939, 325203, 328347, 329951, 332412, 332632, 332973, 333428, 336049, 338566, 339132, 339331, 339522, 340865, 341078, 344891, 345101, 346581, 346811, 347901, 347951, 348365, 348489, 348513, 349640, 350054, 350114, 350602, 350678, 350773, 350901, 351574, 353343, 356406, 358460, 358717, 360727, 361136, 361399, 361681, 362877, 363521, 364326, 364398, 365132, 367143, 367221, 370665, 371313, 372965, 373347, 374798, 377303, 377363, 378814, 378901, 379539, 379919, 380744, 383275, 383400, 384435, 385639, 385711, 385894, 387736, 387943, 388229, 389932, 392214, 392665, 392698, 392815, 393883, 394772, 396401, 398641, 399028, 400648, 400799, 403840, 404221, 404252, 405163, 405874, 406720, 409088, 409316, 409687, 409838, 410316, 412885, 413401, 413865, 414409, 414487, 414686, 415188, 415237, 415591, 417844, 418018, 420292, 421067, 421714, 421810, 424388, 425303, 425681, 425809, 426503, 429472, 430195, 430758, 431038, 432516, 432579, 433044, 434825, 435655, 435862, 436003, 436519, 438072, 439287, 439471, 441094, 442046, 442786, 445088, 445350, 446446, 448262, 453694, 454618, 454762, 454819, 455097, 455321, 456915, 457269, 457898, 458311, 460617, 461230, 461605, 462830, 463170, 463992, 466728, 467091, 467178, 468108, 468742, 469344, 469780, 471056, 471110, 477070, 477408, 477606, 478232, 479225, 479497, 480053, 481537, 482114, 482430, 484135, 485867, 485879, 485892, 486090, 490180, 492311, 493354, 494275, 496094, 496771, 496916, 497012, 497073, 497262, 498026, 499026, 500846, 502378, 505930, 507436, 509109, 509265, 509310, 510206, 510539, 511248, 512725, 513008, 513598, 514326, 514880, 515934, 516939, 517037, 517945, 518665, 520363, 521150, 521312, 525684, 525971, 526513, 526738, 527334, 530274, 532747, 533394, 535199, 536441, 536526, 536875, 537488, 538603, 541008, 541473, 544285, 544328, 544748, 545321, 545756, 546514, 548860, 549676, 550318, 554353, 555441, 558388, 559128, 559670, 561735, 564491, 565403, 566591, 566728, 566848, 567374, 567825, 568694, 569431, 569599, 569926, 570598, 571057, 571201, 571852, 572591, 573796, 576174, 578271, 578279, 580678, 581358, 581486, 582847, 582905, 583204, 583907, 584268, 585713, 587268, 589043, 590597, 590627, 590875, 593048, 594229, 594306, 596546, 597441, 597571, 597602, 598234, 599827, 602936, 603033, 603663, 605182, 605359, 606325, 607082, 607188, 607198, 609625, 612192, 612394, 613248, 615125, 615223, 615982, 616175, 617755, 617797, 617809, 619039, 619297, 620182, 621270, 621975, 622188, 623285, 624530, 625702, 625886, 626811, 628659, 629776, 632683, 633017, 635599, 636222, 636248, 639495, 640862, 641201, 643211, 643641, 643741, 644622, 644905, 645704, 647667, 648428, 650864, 650868, 652072, 652756, 653706, 653993, 654910, 656376, 661619, 663455, 663677, 663989, 664521, 664605, 665469, 665506, 669527, 672945, 676106, 676160, 676404, 677731, 678004, 679553, 680056, 680916, 681632, 681801, 682006, 682352, 682592, 683652, 689170, 689424, 689839, 691009, 692251, 692944, 693606, 693927, 694205, 695509, 695691, 695762, 700056, 700136, 701251, 701297, 701593, 703376, 704207, 704300, 705614, 706177, 707664, 708352, 708812, 711963, 712332, 713394, 713429, 719465, 719886, 720384, 720879, 723387, 723610, 727273, 727317, 727366, 729312, 735681, 735682, 737017, 737066, 737306, 739634, 740093, 742130, 743264, 744301, 745565, 747005, 749426, 751974, 752071, 753356, 754912, 755608, 755847, 756113, 757618, 758273, 758777, 759609, 760808, 762250, 763816, 764809, 765843, 766328, 766357, 769875, 770392, 771097, 771664, 772402, 773507, 773772, 773789, 773924, 774458, 774649, 775472, 776328, 776705, 779527, 782946, 785586, 790341, 790535, 790573, 792400, 793000, 793860, 794947, 798679, 799051, 799544, 800438, 802422, 803158, 804907, 807376, 807901, 808542, 810197, 810201, 812091, 812092, 812580, 814060, 815195, 815211, 821895, 821949, 823380, 823500, 824744, 827298, 828104, 828246, 828338, 830479, 830850, 832515, 833696, 834397, 835545, 836023, 836257, 837411, 838276, 838691, 841478, 842812, 843981, 845228, 846419, 846679, 848517, 849234, 849382, 849404, 849484, 849741, 850306, 850492, 850551, 852086, 852088, 852682, 853318, 853668, 854167, 855049, 856419, 856518, 856553, 857281, 857905, 861469, 864082, 866676, 867241, 868272, 869142, 871234, 873374, 873468, 876686, 878528, 879308, 879402, 879813, 880146, 883063, 883655, 884441, 887361, 888162, 889408, 889967, 891465, 891782, 892566, 893769, 895719, 896029, 896555, 897504, 898835, 899652, 901616, 902825, 902997, 903248, 905193, 907832, 910094, 910191, 910346, 912324, 912933, 913192, 913590, 914057, 916543, 918060, 918696, 919950, 920894, 920957, 921026, 922412, 922811, 927497, 929005, 929159, 929904, 929942, 932138, 932184, 933839, 933981, 933982, 936633, 939365, 939996, 946855, 947027, 947078, 949323, 949563, 949877, 950216, 952259, 953727, 956188, 956189, 956400, 961455, 962288, 963489, 963628, 964130, 965589, 966401, 966457, 966694, 966982, 967434, 967768, 967984, 968578, 970596, 971238, 972119, 972801, 972968, 972977, 973185, 974060, 974131, 974213, 974631, 974839, 974896, 975017, 979731, 980338, 981795, 983601, 983901, 983925, 984399, 985289, 985790, 986064, 986861, 986935, 987128, 987286, 987719, 987881, 988456, 989765, 989963, 992661, 995116, 998261, 998933, 999086, 999466]]
False

Experiment: Bubble Sort Test Experiment

2
 cd /home/julius/Dokumente/Uni/HPI/Jobs/GFZ/SacredTest && python bubble.py bubblesort_input_dataset.csv reversed 
{'value': 'bubblesort_input_dataset.csv', 'name': 'array_file_path'}
INFO - Bubble Sort - Completed after 0:00:01
