INFO - Bubble Sort - Running command 'bubbleSort'
INFO - Bubble Sort - Started run with ID "528"


Bubble Sort Test Experiment is running for 2 seconds!


Algorithm still working fine
Loss function:
False
Loss function:96
Loss function:
True
Algorithm still working fine
Loss function:
False
Loss function:93
Loss function:
True
Algorithm still working fine
Loss function:
False
Loss function:91
Loss function:
True
Algorithm still working fine
Loss function:
False
Loss function:90
Loss function:
True
[[125, 619, 703, 2648, 2932, 3729, 5029, 5586, 7627, 9027, 10656, 12045, 12324, 12433, 13852, 14430, 15144, 16512, 17732, 18139, 20153, 20814, 24619, 25011, 27525, 27697, 30441, 31542, 31905, 32695, 34355, 35871, 36058, 39105, 39374, 40473, 45134, 45436, 45496, 45645, 45718, 45910, 48634, 51070, 51143, 51395, 51662, 51789, 52689, 52878, 53565, 54079, 54415, 54530, 55830, 56360, 59605, 60076, 60247, 60428, 60571, 62630, 62857, 62987, 63034, 63353, 64547, 65269, 65322, 65902, 66595, 67155, 67379, 70489, 70543, 71139, 71327, 72434, 74395, 74455, 75013, 75488, 75775, 76065, 77507, 77937, 80527, 80880, 81279, 81639, 81819, 82324, 83406, 83606, 84162, 86391, 89115, 89903, 93185, 94603, 94723, 95617, 98773, 99860, 101124, 101148, 103393, 106807, 106811, 111604, 111678, 112555, 112799, 113874, 115177, 115356, 117179, 117411, 119928, 121504, 121587, 122145, 122588, 122936, 125443, 127221, 128190, 129993, 130933, 133157, 133223, 133697, 135290, 135316, 136820, 139218, 139873, 140875, 141658, 141780, 142081, 142229, 142886, 143004, 143092, 146878, 147998, 148264, 148538, 148678, 150260, 151319, 151856, 153331, 153607, 155243, 155374, 155574, 157108, 157564, 162135, 162496, 162617, 162764, 165303, 168363, 169816, 169878, 171281, 173194, 175131, 176986, 177779, 178217, 178294, 179147, 180940, 182613, 183051, 183477, 186242, 187650, 188961, 188989, 189562, 189904, 190097, 191039, 191248, 191564, 191839, 192580, 192908, 194654, 196048, 196855, 201697, 202120, 202597, 203205, 203267, 204133, 205761, 206003, 206275, 208107, 211420, 211505, 211563, 211583, 211621, 211639, 212165, 212699, 213074, 213356, 214548, 216313, 216419, 216531, 216911, 217229, 217385, 217653, 218506, 222145, 222815, 223169, 223455, 224448, 227973, 227993, 228026, 229089, 229348, 229505, 229667, 229869, 229987, 230816, 231869, 233475, 233742, 235471, 235858, 237135, 237344, 238222, 240633, 241822, 242747, 242905, 242947, 244446, 248462, 256836, 257007, 258494, 259534, 259590, 260298, 261493, 261650, 261813, 262468, 263513, 263680, 264448, 264899, 265785, 268035, 268317, 268704, 270450, 272066, 272225, 277975, 279837, 281314, 282720, 284227, 284786, 286559, 286804, 287010, 288090, 288824, 289188, 289392, 289762, 296055, 297392, 299541, 299658, 299706, 300691, 301230, 302552, 302587, 303350, 304530, 305935, 306034, 307078, 307445, 307510, 311623, 311855, 312239, 313330, 314319, 315909, 317125, 317323, 317921, 319860, 319940, 321846, 325291, 325565, 326323, 327397, 328328, 329068, 329800, 330200, 330369, 332947, 334600, 334749, 334817, 337433, 340545, 341615, 342568, 342604, 344480, 345024, 345991, 346834, 348418, 348538, 349225, 349739, 352327, 352961, 354257, 355677, 356011, 356776, 358678, 358696, 359914, 362600, 363117, 364544, 365934, 366111, 367190, 369422, 373012, 374068, 374905, 377799, 381968, 384150, 384354, 385943, 386390, 386507, 390548, 391876, 393739, 394465, 394862, 395168, 398448, 399739, 400078, 400623, 400839, 401498, 401566, 401595, 402276, 405199, 407988, 408589, 410864, 411261, 411826, 412289, 412719, 413261, 413641, 414585, 418240, 422484, 423266, 423941, 424494, 424862, 426495, 426812, 427194, 427686, 430974, 431344, 431730, 431748, 432070, 432076, 432366, 432388, 432773, 433548, 434584, 435203, 435224, 435290, 436325, 436533, 438492, 439444, 439455, 440232, 442976, 443716, 444062, 445053, 445706, 446219, 446238, 446286, 446546, 446841, 446893, 446902, 448564, 448821, 449449, 451968, 452682, 452700, 453460, 453475, 454028, 455655, 455970, 457911, 460287, 463337, 467648, 468132, 468519, 468904, 469395, 469730, 469929, 470246, 472829, 473609, 473634, 474383, 474823, 476528, 476585, 476622, 476941, 477263, 478392, 479701, 483467, 484687, 484951, 487846, 487887, 488998, 489254, 493071, 494222, 494543, 494574, 495211, 496703, 496802, 497663, 498420, 500011, 501315, 503096, 503973, 504219, 504978, 505696, 506264, 507734, 507924, 509486, 509862, 509866, 511505, 512389, 512436, 513018, 520221, 520711, 520753, 523285, 524448, 524486, 524945, 527803, 528186, 528220, 528581, 528964, 529645, 531241, 531416, 535527, 536904, 537364, 537465, 537597, 538231, 539256, 540912, 541267, 543958, 543967, 543984, 545506, 547720, 549268, 549647, 550433, 551433, 552855, 556004, 557672, 558693, 559073, 559723, 559732, 560336, 563790, 564267, 565145, 567064, 567350, 568629, 568771, 570124, 570579, 571055, 572183, 574109, 574609, 577667, 578354, 578381, 580259, 580609, 581120, 582955, 583536, 584935, 586233, 586524, 586654, 587804, 588161, 588168, 588770, 589487, 590377, 590917, 591060, 591766, 593492, 595467, 596342, 597000, 597822, 598532, 600181, 601770, 602724, 603537, 604844, 605395, 606094, 606199, 607627, 609554, 609571, 610577, 612252, 612906, 613579, 613655, 614467, 615492, 616225, 617497, 617540, 617924, 618398, 621177, 621796, 622423, 622653, 623546, 623685, 625402, 627078, 628499, 628805, 629568, 632619, 634634, 635001, 636298, 636721, 638055, 639288, 640443, 640827, 641052, 642460, 643866, 644321, 644604, 645065, 645149, 645449, 645944, 646356, 646753, 647227, 648115, 648675, 648943, 650551, 652008, 655759, 656821, 660587, 661236, 661576, 661691, 662375, 664698, 664785, 666623, 669405, 669916, 670639, 670777, 670844, 672164, 672192, 673335, 675449, 675692, 676037, 679488, 680098, 680312, 680848, 681829, 682421, 683059, 683964, 684958, 685067, 687119, 687445, 687525, 687557, 687929, 688504, 689073, 689247, 690211, 692414, 692696, 693839, 694399, 694902, 695019, 696765, 696897, 696899, 697408, 697511, 698771, 699521, 700370, 700372, 700552, 701360, 701975, 702245, 703799, 704560, 706296, 707021, 707620, 710747, 711719, 713468, 713607, 713816, 717180, 718972, 721933, 722470, 722914, 723038, 723223, 724454, 725808, 725836, 727525, 728333, 728955, 732724, 732752, 732980, 733407, 733787, 734093, 735510, 735730, 736157, 736862, 737832, 741133, 743286, 743918, 746508, 747666, 747922, 752666, 753632, 755359, 756788, 756894, 757052, 758899, 759831, 760572, 761222, 762143, 763106, 763437, 765067, 766609, 766761, 767208, 767798, 771697, 772802, 773308, 773797, 774957, 775140, 775464, 776190, 777171, 778773, 779050, 779248, 779278, 782116, 782646, 782946, 784660, 784864, 785639, 786090, 786177, 787520, 793129, 793849, 796521, 796730, 797346, 798661, 800019, 802017, 803303, 803860, 803933, 805059, 806287, 806866, 807903, 808989, 809384, 809404, 810508, 811304, 812502, 814325, 814664, 817948, 817953, 818746, 822360, 823527, 823887, 824706, 826247, 827539, 828011, 828666, 830590, 831253, 832112, 832474, 835230, 835778, 836659, 837202, 838211, 838690, 838898, 841825, 844320, 845704, 845859, 848938, 849087, 849866, 849943, 850026, 850092, 850617, 851839, 853591, 854722, 854910, 856181, 856748, 856959, 859240, 862313, 862410, 862564, 862913, 863978, 864924, 865022, 865269, 866182, 867050, 867726, 868474, 870119, 870227, 870777, 871126, 871918, 872465, 872731, 873593, 874722, 875439, 877760, 878178, 878566, 878767, 879174, 879715, 879955, 881100, 882024, 882881, 883416, 884445, 884680, 885243, 886302, 886402, 886533, 887705, 888299, 888317, 892752, 895401, 895586, 896290, 898026, 899679, 901478, 901841, 902067, 905054, 906975, 907706, 907879, 907918, 908845, 910926, 911335, 912638, 915188, 915377, 915541, 915567, 916703, 916951, 917370, 917480, 919243, 920184, 920211, 920704, 920779, 923033, 923150, 923317, 924092, 925370, 925674, 928500, 928717, 929216, 929670, 929706, 931304, 931898, 934169, 934281, 934341, 935915, 937205, 937818, 940692, 946441, 946823, 947503, 947521, 947532, 947853, 948151, 949017, 949057, 949215, 952826, 952902, 954291, 954816, 955134, 956579, 956817, 958199, 958535, 961028, 961387, 962591, 964091, 966137, 966899, 967284, 968528, 971443, 971781, 971835, 972132, 972957, 973242, 973585, 973858, 974041, 975865, 976584, 977945, 978152, 981142, 983588, 983950, 985414, 989177, 989484, 990514, 991353, 991948, 992240, 993509, 994229, 996896, 997455, 997994, 998115, 998437, 998883]]
Loss function:
False

Experiment: Bubble Sort Test Experiment

2
 cd /home/julius/Dokumente/Uni/HPI/Jobs/GFZ/SacredTest && python bubble.py bubblesort_input_dataset.csv reversed 
{'value': 'bubblesort_input_dataset.csv', 'name': 'array_file_path'}
INFO - Bubble Sort - Completed after 0:00:01
