INFO - Bubble Sort - Running command 'bubbleSort'
INFO - Bubble Sort - Started run with ID "521"


Bubble Sort Test Experiment is running for 2 seconds!


Algorithm still working fine
Loss function:
Loss function:96
Loss function:
Algorithm still working fine
Loss function:
Loss function:93
Loss function:
Algorithm still working fine
Loss function:
Loss function:91
Loss function:
Algorithm still working fine
Loss function:
Loss function:90
Loss function:
[[468, 773, 922, 1889, 2149, 2614, 3239, 4582, 6669, 7075, 7194, 10356, 10741, 13591, 14118, 14183, 16000, 16471, 16572, 18242, 19374, 20131, 20871, 23024, 25718, 26836, 28662, 28699, 28736, 28798, 29872, 31137, 31183, 34400, 35068, 37195, 38081, 38299, 38393, 38819, 39787, 40122, 40652, 40788, 41604, 41985, 42419, 43320, 46115, 46714, 48136, 49307, 50375, 50642, 50784, 51437, 53099, 53392, 54098, 54468, 55434, 55760, 56806, 57890, 58605, 60007, 60812, 60914, 63627, 64678, 64720, 65840, 67577, 67820, 70789, 71203, 72790, 73003, 74279, 75271, 76587, 78482, 78584, 79399, 80019, 82420, 82823, 83816, 84205, 84284, 84916, 86467, 87250, 87265, 87661, 88228, 89149, 90825, 91555, 92637, 92775, 93471, 93896, 95826, 97101, 97326, 99187, 99906, 100748, 101363, 102205, 102956, 103039, 103433, 106418, 106933, 108545, 110563, 110625, 113233, 114066, 117690, 117830, 119743, 120620, 120680, 122550, 123424, 125025, 125252, 125965, 127238, 128288, 128443, 129163, 129173, 130059, 130259, 131264, 131525, 131802, 132408, 132473, 132617, 133931, 134185, 134393, 135208, 135436, 138536, 139127, 139190, 140586, 140669, 140867, 142040, 143295, 144348, 144367, 144586, 145451, 146122, 146991, 147170, 147818, 148168, 148318, 149078, 150202, 151379, 151399, 151401, 151456, 151973, 152030, 152435, 152677, 153424, 154736, 155209, 156208, 156543, 156645, 157841, 158853, 158922, 160015, 160381, 164073, 170402, 170633, 170990, 171888, 172622, 175198, 177255, 177474, 179617, 180324, 181967, 182162, 184953, 186182, 186292, 186624, 187279, 187637, 189054, 189112, 189183, 190501, 191656, 193150, 193470, 194588, 195513, 196358, 196478, 196563, 196603, 197188, 197245, 198200, 198448, 199667, 201774, 202557, 202900, 203188, 205224, 207315, 207696, 208174, 208579, 209369, 210847, 212091, 212096, 212929, 213753, 214438, 215019, 215875, 219110, 219507, 219658, 219824, 220446, 220478, 221168, 221260, 221610, 221915, 223540, 224544, 224710, 225167, 225511, 225759, 226622, 226752, 227117, 227388, 229074, 229347, 229361, 229970, 230185, 230212, 230484, 231799, 232770, 232809, 234012, 237595, 240112, 240244, 240628, 241430, 241570, 241961, 243043, 244315, 245102, 245929, 246774, 248047, 251753, 253196, 253877, 254306, 254523, 254780, 256828, 257024, 258447, 258472, 259022, 261063, 261173, 263918, 264581, 265078, 270653, 274379, 274499, 274543, 274846, 274954, 275149, 277950, 278449, 280142, 280505, 281001, 281425, 282049, 283062, 286274, 288052, 288381, 288501, 289356, 289966, 290172, 291073, 291389, 293114, 293971, 294469, 294818, 295617, 301919, 302309, 302394, 305625, 306131, 306526, 307824, 309700, 310634, 312888, 314862, 315422, 317823, 318251, 321971, 322625, 322741, 323748, 325003, 325446, 325649, 327082, 327602, 329399, 329791, 331965, 332696, 333581, 333649, 333685, 335199, 336077, 336463, 337696, 339693, 340302, 341152, 342450, 343554, 343975, 344345, 344755, 344987, 345092, 345635, 346260, 347969, 348358, 349884, 350340, 350686, 353282, 354837, 356312, 358422, 358575, 358726, 359616, 360942, 361431, 362090, 365766, 366875, 368114, 369612, 369682, 370863, 371052, 371304, 374214, 374769, 377443, 378178, 378240, 378761, 381405, 381424, 382154, 382219, 383630, 383821, 385260, 385715, 385959, 387718, 389248, 391720, 392586, 394411, 394709, 398362, 398869, 399475, 399600, 399822, 401125, 403331, 403527, 405523, 406639, 408868, 409274, 409293, 409898, 410106, 410180, 413647, 414722, 414991, 415678, 416855, 417358, 417633, 418649, 419240, 423738, 424100, 425167, 425587, 426520, 426844, 427114, 427534, 427693, 428533, 430098, 430820, 431205, 431961, 433518, 433554, 433865, 435598, 435734, 435836, 435986, 436803, 438372, 440994, 441747, 447269, 450718, 452852, 452947, 453118, 453294, 454067, 454213, 455476, 455478, 455529, 457059, 457105, 457209, 459733, 459956, 460070, 461266, 462296, 462737, 463290, 465045, 465284, 466152, 467287, 467345, 468999, 469223, 469279, 470590, 471224, 472374, 473259, 473879, 473891, 474261, 474615, 474949, 475772, 476180, 476630, 476662, 477574, 478908, 480025, 480079, 481414, 482791, 483041, 483875, 485540, 486531, 488093, 489075, 490967, 491208, 494394, 494683, 494880, 496099, 496418, 497612, 497835, 498637, 498678, 499755, 499964, 500014, 502096, 502880, 504836, 505047, 509544, 509823, 510367, 512818, 517941, 519881, 520980, 520987, 521476, 521901, 523559, 526558, 527955, 528249, 528330, 528607, 528871, 531125, 532809, 533367, 533374, 534640, 536826, 539842, 539847, 540374, 541924, 543362, 545395, 549144, 550425, 551870, 553300, 553589, 554849, 555109, 556254, 560602, 562596, 565733, 568041, 568087, 568180, 569792, 570693, 571096, 573057, 575404, 576671, 577279, 577448, 578424, 578584, 579042, 582459, 584359, 586171, 589127, 589221, 591797, 591907, 592162, 593294, 593950, 594907, 595778, 596652, 597435, 600308, 600700, 601000, 602530, 603602, 603859, 604977, 605711, 606335, 606978, 608156, 608532, 610320, 613423, 614165, 614281, 614438, 614917, 616646, 618126, 618156, 620319, 621745, 621748, 622017, 624255, 625041, 626188, 626470, 627036, 628883, 628978, 629029, 629371, 629548, 630545, 632597, 633832, 634030, 635223, 636816, 637592, 639110, 639167, 639354, 639498, 639888, 640120, 641472, 641620, 643105, 645881, 646139, 646612, 648888, 649471, 651324, 652122, 654843, 655287, 655437, 655705, 656904, 657716, 658619, 658998, 659917, 660586, 663759, 664726, 665705, 667748, 668003, 668072, 669917, 670779, 671812, 672271, 673246, 673794, 674306, 675251, 676290, 676359, 676675, 681997, 682712, 683220, 684093, 684253, 685614, 686405, 688375, 688470, 689869, 690000, 690953, 692249, 693034, 697601, 698513, 698996, 699755, 700521, 702726, 703225, 703865, 705690, 707951, 711139, 711234, 711404, 711470, 711547, 713746, 714732, 715027, 715747, 716425, 721925, 725093, 725438, 729423, 729440, 729764, 730941, 732060, 732266, 733721, 734348, 734469, 734590, 734729, 734874, 734941, 737370, 738306, 739095, 740032, 741488, 741820, 742270, 743549, 744808, 745516, 745833, 745857, 749816, 750119, 751780, 752839, 752849, 752878, 753094, 753663, 753689, 756285, 756449, 756865, 756948, 757501, 759032, 761188, 761690, 761994, 762256, 762746, 763223, 763638, 765464, 765630, 766724, 767173, 767498, 768530, 768816, 769015, 769112, 770372, 771374, 771998, 772612, 773173, 775452, 775590, 777345, 779932, 780281, 780655, 780817, 780878, 780921, 781409, 781556, 782932, 783493, 784175, 785474, 785563, 786095, 786696, 787528, 789768, 790667, 790874, 792522, 792788, 793683, 793855, 796281, 796477, 797360, 797836, 798884, 800072, 803340, 804741, 807965, 809703, 809995, 810361, 810362, 811622, 812075, 812102, 812154, 813288, 815280, 815584, 815730, 819734, 820136, 822274, 822803, 823347, 823588, 823703, 824706, 826779, 828940, 829277, 829832, 833207, 833807, 834049, 834348, 835135, 836643, 838465, 838847, 839530, 839590, 840313, 840531, 841261, 843303, 843535, 843624, 843807, 843993, 844483, 845439, 846179, 846858, 848960, 850353, 851403, 851516, 851693, 853729, 855020, 855595, 857748, 858431, 860368, 861160, 861248, 862401, 864286, 864783, 865612, 868807, 869437, 869883, 870852, 871594, 872311, 872863, 875326, 876088, 876957, 881195, 881471, 883705, 884298, 884839, 885962, 886135, 886976, 887070, 888823, 889932, 893135, 895965, 897092, 897265, 897347, 898976, 901810, 902460, 902688, 902984, 903238, 905764, 907036, 907841, 910593, 911637, 911869, 913776, 914202, 914249, 914657, 918422, 920340, 922394, 923804, 926919, 929384, 930814, 935029, 936272, 937377, 937883, 940494, 941623, 941809, 942639, 942813, 943020, 943297, 943796, 945408, 949329, 950227, 950403, 951116, 952893, 953294, 955351, 958917, 959154, 959818, 960954, 961673, 963222, 963867, 965073, 966238, 966552, 966868, 967032, 967569, 969081, 969296, 969340, 969432, 972913, 973428, 975661, 976237, 977142, 977958, 980031, 981623, 982245, 983176, 984399, 986862, 987568, 989920, 991296, 994343, 995875, 997153, 998191, 999497, 999952]]
Loss function:

Experiment: Bubble Sort Test Experiment

2
 cd /home/julius/Dokumente/Uni/HPI/Jobs/GFZ/SacredTest && python bubble.py bubblesort_input_dataset.csv reversed 
{'name': 'array_file_path', 'value': 'bubblesort_input_dataset.csv'}
INFO - Bubble Sort - Completed after 0:00:01
