INFO - Bubble Sort - Running command 'bubbleSort'
INFO - Bubble Sort - Started run with ID "509"


Bubble Sort Test Experiment is running for 2 seconds!


Algorithm still working fine

Loss function:96

Algorithm still working fine

Loss function:93

Algorithm still working fine

Loss function:91

Algorithm still working fine

Loss function:90

[[393, 925, 1167, 2266, 3500, 4467, 4770, 5110, 5183, 6977, 9093, 9300, 10378, 10618, 10897, 12965, 13054, 13525, 13870, 14618, 14693, 15950, 16501, 18301, 18321, 18480, 18750, 22547, 22657, 22892, 26914, 28560, 28585, 28661, 29649, 30542, 32066, 33295, 34746, 36047, 36356, 37063, 40205, 40568, 44954, 47669, 48250, 49713, 49909, 50045, 50652, 50699, 51227, 51924, 53970, 54295, 55511, 55643, 56622, 57152, 61093, 63074, 63182, 66037, 66289, 66322, 67225, 67284, 68355, 69898, 70118, 70558, 72263, 72667, 73150, 74061, 74599, 77571, 77613, 78617, 79479, 80532, 83780, 83787, 85400, 85616, 87101, 87726, 90872, 91237, 92560, 92895, 93911, 93915, 94639, 94927, 95840, 96184, 96331, 96927, 101549, 102192, 102433, 102576, 102822, 103975, 105560, 105918, 106623, 108609, 109022, 109527, 110890, 111270, 111547, 112132, 112993, 113506, 114913, 115096, 115367, 117020, 117785, 117801, 118056, 119494, 122264, 122280, 122923, 123591, 124919, 125476, 125572, 125868, 126178, 126358, 127151, 127528, 127690, 127773, 129645, 131917, 132048, 133034, 133787, 134799, 136351, 136929, 139369, 139522, 139901, 140176, 141468, 141792, 146917, 147573, 147607, 149090, 149496, 152384, 153337, 153540, 153803, 154248, 155120, 155643, 155839, 156584, 157297, 158832, 159414, 159472, 159696, 159930, 160857, 161582, 162260, 165694, 165768, 167944, 168078, 168552, 169103, 171618, 172840, 173810, 173888, 174183, 175748, 176379, 176750, 177390, 180466, 182503, 182715, 186144, 186646, 187584, 188554, 189811, 190284, 190399, 192465, 192778, 192830, 193307, 194355, 194685, 194821, 197342, 199656, 200120, 202016, 202714, 203666, 203941, 206569, 206687, 208068, 210508, 210752, 211225, 213685, 215454, 216119, 216990, 220016, 220510, 220793, 221035, 221215, 222677, 225793, 225846, 226057, 226198, 226537, 228485, 229905, 230363, 230729, 232635, 233791, 235500, 235792, 235802, 237400, 237780, 239470, 240160, 241726, 243192, 245818, 248901, 249316, 249555, 250364, 250432, 253079, 253098, 256431, 260886, 261342, 262563, 263132, 264943, 265479, 265833, 266300, 266715, 267972, 268018, 268497, 268724, 270317, 271483, 272268, 273382, 273644, 273688, 277020, 278728, 278849, 279858, 280028, 280852, 283883, 284244, 284923, 285909, 286366, 286456, 286534, 286749, 288900, 289608, 290404, 291978, 292085, 292427, 292584, 292602, 293065, 295461, 295725, 295942, 296585, 297554, 297977, 298772, 299697, 299935, 300847, 300948, 301535, 302542, 303068, 303924, 303987, 304814, 305777, 306437, 306609, 307071, 307280, 309090, 309132, 310430, 310545, 313478, 318285, 319455, 320394, 321690, 321789, 321955, 322808, 323603, 323871, 324599, 325871, 326470, 327250, 328422, 328522, 330658, 337981, 339377, 339474, 340015, 341918, 343355, 343487, 344904, 345537, 347466, 348007, 348981, 351524, 351594, 351928, 352450, 353702, 354121, 354720, 357405, 357688, 358195, 359758, 360162, 363862, 366035, 366347, 367374, 368980, 369346, 369409, 370971, 373280, 374469, 375562, 375635, 378971, 381624, 382750, 383767, 384798, 385121, 385849, 386069, 386423, 386673, 388217, 388343, 388728, 392878, 394809, 395907, 396273, 396948, 398283, 398841, 399584, 401708, 403842, 403870, 403962, 406488, 408846, 408939, 410753, 411367, 412456, 413234, 415080, 415097, 416796, 417138, 417790, 417860, 418224, 418449, 419437, 420263, 420520, 423584, 425939, 427276, 427800, 428439, 428701, 429200, 430294, 431874, 431970, 434563, 435538, 438890, 441542, 442048, 444270, 446610, 446779, 447362, 448818, 449789, 452492, 452660, 453048, 453788, 454339, 455042, 455614, 456075, 457172, 457904, 459042, 460197, 461260, 461393, 461509, 461647, 462032, 462035, 462136, 462436, 462701, 464056, 465817, 466706, 467269, 468449, 468729, 471067, 471093, 471724, 473090, 473231, 473648, 474008, 474197, 475101, 475365, 476344, 478819, 478845, 479822, 479902, 483714, 485870, 486954, 488621, 489177, 489209, 489422, 489605, 490315, 490336, 490553, 493931, 494535, 494990, 495625, 497111, 497320, 498704, 499178, 500133, 500938, 501428, 502349, 502412, 502499, 503383, 503411, 504741, 505237, 505277, 505837, 511095, 511655, 511705, 511883, 512243, 513639, 514478, 517667, 517693, 519049, 519439, 519831, 520617, 522283, 522667, 523911, 524654, 525017, 525127, 526578, 526787, 527247, 528723, 529645, 530455, 531223, 531685, 532392, 532991, 533274, 535197, 535849, 536858, 536991, 538812, 538857, 541403, 541731, 546304, 548142, 548194, 548695, 550789, 550839, 552262, 552451, 553005, 553384, 554037, 554372, 556278, 557100, 557269, 558086, 558322, 558370, 559162, 561434, 562137, 562438, 563040, 563105, 564428, 564694, 565444, 568040, 568658, 570876, 574139, 574536, 574763, 575207, 576507, 576510, 578592, 579142, 580824, 581195, 581822, 582014, 582278, 583501, 583652, 585181, 588200, 588389, 590331, 592591, 593738, 595417, 596568, 596607, 597614, 597752, 598379, 598783, 601234, 602352, 603262, 603678, 604390, 605192, 605512, 607334, 607401, 607790, 608286, 608850, 610032, 611469, 613934, 614252, 614858, 618982, 621381, 622942, 623007, 624647, 625321, 625967, 628102, 628593, 628653, 629149, 629156, 630379, 631209, 631832, 633591, 634161, 635265, 635580, 635664, 639907, 640443, 640928, 641728, 642759, 643022, 644297, 645102, 645106, 645581, 645869, 648485, 648947, 649903, 650094, 651202, 652635, 653103, 653428, 653986, 654524, 654538, 654932, 655873, 656232, 656286, 656747, 659751, 660291, 661157, 661162, 661814, 663430, 664343, 669045, 669249, 669914, 671078, 671848, 672086, 672196, 673607, 674219, 674483, 674624, 677199, 678304, 678792, 679821, 679913, 680523, 681233, 684894, 684910, 685457, 685631, 685897, 685963, 686306, 686589, 688781, 689533, 691792, 692412, 693216, 696480, 696556, 700600, 701980, 703511, 705293, 706243, 706606, 709074, 709322, 709776, 709912, 710837, 711252, 712865, 712954, 713218, 713222, 714370, 715265, 715836, 716977, 717758, 718294, 718316, 718748, 720064, 721249, 722633, 723855, 724883, 725209, 725810, 726613, 726709, 727125, 728650, 729737, 729784, 729788, 732726, 734249, 735220, 735994, 736279, 738081, 740096, 740360, 745056, 746007, 747180, 749612, 749769, 749903, 750373, 750604, 751077, 751428, 751835, 753241, 753684, 754136, 754976, 755797, 756303, 756321, 757058, 759041, 760730, 761129, 761532, 761588, 763849, 765268, 765531, 766664, 767615, 769489, 770534, 773501, 773794, 775739, 775790, 776299, 776838, 779197, 780448, 781233, 782030, 783676, 783814, 786558, 789641, 791180, 793225, 793301, 793821, 793972, 798455, 799662, 799717, 799771, 801302, 802960, 804620, 805811, 806231, 806599, 808553, 809189, 811534, 811900, 812412, 813305, 815678, 816131, 817344, 819201, 821573, 821593, 821608, 822048, 822671, 823319, 823982, 824330, 826718, 826852, 826894, 829693, 830811, 832302, 832506, 833381, 834210, 836492, 838588, 842350, 842435, 843380, 843892, 843948, 844203, 844575, 845017, 848706, 851730, 851875, 857706, 858122, 860552, 861007, 861189, 862484, 863083, 864316, 865610, 868625, 868735, 868985, 870591, 871500, 871625, 871982, 872529, 873077, 873637, 878486, 881252, 881424, 881927, 883076, 883511, 884470, 884694, 886088, 887647, 890159, 890630, 891492, 892747, 892825, 894204, 895334, 896236, 896942, 899692, 900269, 900656, 900664, 900875, 900963, 903283, 903381, 905018, 905364, 906523, 907904, 908711, 909290, 910864, 913737, 913795, 914911, 915346, 918655, 918958, 919194, 919281, 920217, 921196, 921346, 922780, 923747, 923799, 924098, 924138, 926011, 926588, 926930, 929468, 929749, 932232, 933704, 934148, 934515, 934578, 935985, 936843, 937356, 937635, 937747, 938129, 940157, 942221, 942558, 945836, 946871, 950098, 953447, 955328, 957103, 959956, 961435, 961662, 963440, 963606, 965207, 965465, 966405, 967886, 969457, 969669, 969700, 971282, 973568, 974707, 975169, 975328, 976103, 976130, 978856, 979408, 980093, 980423, 981164, 981808, 981944, 982693, 982829, 983911, 985939, 990200, 990380, 990649, 991347, 992306, 992870, 994223, 995604, 995801, 997448, 997521]]


Experiment: Bubble Sort Test Experiment

2
 cd /home/julius/Dokumente/Uni/HPI/Jobs/GFZ/SacredTest && python bubble.py bubblesort_input_dataset.csv reversed 
{'name': 'array_file_path', 'value': 'bubblesort_input_dataset.csv'}
INFO - Bubble Sort - Completed after 0:00:01
