INFO - Bubble Sort - Running command 'bubbleSort'
INFO - Bubble Sort - Started run with ID "537"


Bubble Sort Test Experiment is running for 1 seconds!


Algorithm still working fine
Loss function:
False
0
Loss function:96
Loss function:
True
1
96
1
Algorithm still working fine
Loss function:
False
2
Loss function:93
Loss function:
True
3
93
3
Algorithm still working fine
Loss function:
False
4
Loss function:91
Loss function:
True
5
91
5
Algorithm still working fine
Loss function:
False
6
Loss function:90
Loss function:
True
7
90
7
[[2810, 5213, 5943, 6636, 8188, 8564, 10017, 12237, 13372, 14490, 16494, 16577, 16918, 17452, 19375, 19955, 20620, 21014, 21789, 22346, 22502, 23759, 24121, 24332, 24412, 24771, 26847, 28430, 29326, 31917, 33084, 33168, 33499, 34127, 35251, 35873, 38433, 40306, 42031, 42257, 43738, 44774, 46171, 47162, 47568, 47622, 47821, 47871, 49011, 49259, 50043, 50335, 51165, 51787, 54781, 55336, 55573, 58651, 59531, 61137, 62827, 63333, 63646, 63745, 64180, 66613, 67007, 68901, 69258, 69479, 69604, 70190, 70659, 70867, 71138, 71183, 72015, 73858, 74319, 76272, 76286, 76519, 76748, 77427, 78220, 78344, 80862, 81745, 82351, 82793, 83373, 83592, 83930, 84992, 85678, 86464, 86634, 87718, 88106, 88511, 88513, 88548, 88764, 90056, 90637, 90995, 91290, 91417, 92548, 96310, 98581, 100969, 101340, 101521, 103180, 103789, 103909, 105273, 105742, 106240, 106322, 107139, 107148, 108515, 108654, 110610, 110809, 110920, 111465, 112035, 114347, 116675, 118059, 121373, 122625, 126259, 127256, 130472, 131401, 131993, 132984, 133091, 133289, 134751, 138403, 138646, 139163, 139242, 139264, 140591, 140835, 141276, 141917, 142616, 143219, 144751, 144816, 145702, 150577, 152975, 154963, 155328, 156414, 156660, 157412, 160866, 161961, 164554, 165261, 165422, 168806, 169565, 169722, 169793, 170071, 170731, 171788, 172696, 173242, 173275, 173316, 174720, 177123, 177598, 178082, 178945, 179247, 180279, 180428, 180651, 184432, 185357, 187774, 189983, 191952, 192472, 194218, 194895, 197628, 199035, 199126, 200154, 200573, 204398, 205767, 209185, 210799, 212171, 212762, 213155, 213477, 217058, 217327, 219724, 219897, 221471, 221890, 221908, 222278, 222848, 225734, 226001, 226830, 227129, 229237, 231861, 232476, 232583, 234385, 234965, 235976, 236267, 237149, 238737, 239877, 240920, 243189, 243821, 244366, 245006, 248410, 248467, 248808, 249204, 249796, 249805, 250661, 253536, 254399, 255361, 258207, 258282, 260042, 260279, 260391, 260663, 261159, 262413, 263416, 264796, 264965, 265196, 265814, 266153, 267221, 268704, 268878, 269484, 271560, 271960, 272681, 272849, 273217, 273881, 275083, 275127, 276149, 276399, 276717, 276820, 277895, 279594, 280165, 285254, 285313, 286797, 287318, 290050, 292504, 292890, 293589, 294162, 294739, 295487, 296166, 296277, 296466, 296561, 297470, 298850, 301587, 302816, 305379, 305384, 305515, 305695, 306632, 309147, 309148, 309400, 310375, 310849, 312262, 313010, 314138, 314253, 315277, 315615, 315963, 317016, 319288, 320706, 321431, 321656, 322217, 325319, 325960, 327271, 327764, 327895, 328704, 329384, 329949, 334054, 335819, 336000, 336131, 336861, 339328, 339887, 341959, 342274, 342745, 343629, 343643, 345659, 347533, 347579, 348437, 348703, 348955, 349447, 349936, 350241, 350559, 352490, 353107, 353301, 354801, 355017, 357008, 358752, 359573, 360106, 362059, 362763, 364907, 366007, 366303, 368379, 368705, 369376, 369950, 370126, 370230, 371422, 374160, 374161, 374587, 378033, 378404, 379196, 380717, 381899, 381939, 382501, 384151, 384668, 386901, 387545, 387944, 388152, 388442, 388511, 390270, 391744, 392769, 393261, 393707, 394451, 396705, 399011, 399285, 400460, 400562, 400772, 401550, 402622, 402896, 405240, 405834, 407651, 409854, 410694, 411190, 412175, 415302, 416657, 417950, 419384, 421108, 421717, 423722, 426940, 427344, 427486, 427559, 427780, 427863, 428529, 430145, 431636, 432846, 433077, 433217, 433808, 434532, 435742, 436123, 438151, 443054, 445102, 445540, 445742, 446995, 449647, 450414, 451479, 453194, 455637, 456890, 457054, 457556, 457934, 459040, 459221, 461162, 461955, 462145, 462739, 464909, 466795, 468838, 471357, 471797, 472380, 474930, 475231, 476369, 476528, 479281, 479623, 480667, 482328, 483194, 484312, 484378, 484611, 485039, 485714, 486123, 486595, 489739, 489942, 490127, 492422, 493244, 493928, 495840, 496083, 500371, 501070, 501658, 501723, 503235, 503842, 504603, 504637, 505134, 505183, 505384, 506736, 507111, 507233, 508193, 508622, 510547, 510648, 511608, 511638, 512622, 512662, 513774, 514693, 514699, 515570, 516168, 519993, 520553, 520750, 521801, 522037, 522215, 522594, 524625, 526590, 526633, 527679, 527688, 527848, 528553, 529048, 529231, 533782, 534647, 535458, 535648, 536667, 537144, 540571, 541357, 542280, 542738, 543669, 545012, 545115, 545192, 545197, 546828, 547407, 547470, 550679, 551698, 552599, 553360, 553413, 553518, 553931, 554119, 556510, 557724, 559035, 559498, 559795, 560054, 560709, 560807, 562268, 563998, 564711, 565758, 566060, 566203, 566978, 567630, 568867, 569191, 572149, 575791, 576033, 576871, 577466, 577689, 579305, 581547, 582350, 582574, 583491, 583767, 586150, 586514, 587429, 587729, 588658, 589095, 589566, 590328, 590381, 592130, 592260, 592447, 593707, 598664, 599998, 600065, 600665, 601852, 603093, 605225, 606172, 607925, 608080, 608569, 610389, 612149, 612857, 612869, 613122, 613176, 613407, 614571, 617225, 617553, 619843, 620315, 621775, 621778, 622028, 628443, 628839, 630058, 631898, 632497, 632880, 634306, 635034, 637166, 637464, 638802, 639248, 641042, 641079, 641395, 643185, 644533, 644596, 644714, 644897, 646692, 647011, 647663, 648997, 650909, 653263, 653304, 655392, 656209, 657867, 659110, 659286, 659442, 660126, 661150, 661296, 662660, 664622, 664717, 664823, 669256, 674249, 674445, 676327, 677204, 677970, 679741, 679800, 679926, 679995, 680740, 681689, 682094, 682203, 683536, 684895, 685012, 685321, 686130, 689293, 689528, 690349, 690595, 691584, 693391, 694821, 695397, 697391, 697722, 698154, 699064, 699445, 700491, 700649, 701392, 701660, 703162, 704958, 705191, 705950, 706235, 707434, 707958, 710129, 710810, 711974, 712990, 713529, 714764, 715461, 715816, 716216, 716271, 716650, 717186, 718144, 718269, 718681, 720164, 721055, 721357, 721838, 724656, 725599, 725727, 726094, 728144, 730164, 731283, 732091, 732871, 732947, 733054, 733311, 733719, 735342, 735376, 735420, 735811, 736882, 737567, 737849, 737944, 738669, 739553, 741668, 742174, 744051, 745268, 745818, 746496, 748493, 749557, 754414, 754623, 755894, 755923, 757586, 758712, 760017, 760471, 760652, 762973, 763028, 763848, 764303, 765394, 765514, 766921, 769278, 770746, 771044, 771695, 772701, 773710, 775066, 775218, 776670, 776698, 777395, 778628, 779522, 780108, 781537, 781745, 783993, 785139, 785354, 786552, 786610, 787827, 788198, 789946, 790703, 791229, 793089, 794079, 794411, 794905, 794920, 795548, 796094, 798120, 798711, 798980, 799131, 803558, 805640, 808962, 809280, 809363, 811661, 811737, 811923, 811985, 812427, 813307, 814072, 815501, 815659, 815869, 816462, 816880, 817534, 819068, 819496, 819980, 820404, 820594, 820696, 821364, 821650, 822756, 823508, 824768, 828037, 828482, 828731, 831397, 832795, 834941, 836444, 836602, 839175, 839476, 840442, 841709, 841916, 842611, 842758, 843200, 845519, 846967, 848564, 848638, 849204, 849426, 850331, 850394, 851315, 852153, 853455, 855606, 855842, 856062, 856168, 857148, 858557, 859236, 859571, 860133, 861745, 862150, 865502, 865939, 868830, 868979, 869658, 870776, 871576, 872205, 874131, 874997, 875201, 876978, 878984, 880644, 883359, 883667, 886566, 886677, 886926, 887536, 887552, 888875, 889406, 889786, 890726, 892457, 892476, 892949, 892988, 895995, 899187, 899280, 900648, 901645, 902647, 903154, 903685, 903882, 904058, 904983, 905930, 906578, 906866, 907059, 909028, 909147, 909440, 910557, 911351, 911690, 911780, 914573, 915124, 915749, 915805, 916931, 919365, 919926, 920150, 921542, 924522, 925896, 926345, 927191, 929359, 929837, 931798, 934577, 934641, 934937, 935388, 935724, 938663, 940531, 941461, 944277, 945581, 946417, 951142, 953370, 953403, 954319, 954856, 956396, 957214, 958025, 959515, 961313, 962453, 962599, 962722, 964199, 964448, 966228, 967310, 969214, 969304, 969756, 972748, 973288, 973320, 973479, 973735, 975025, 975793, 976366, 976622, 981028, 981112, 983281, 985743, 991373, 992913, 993631, 996536, 997016, 998729, 999142, 999916]]
Loss function:
False
8

Experiment: Bubble Sort Test Experiment

2
 cd /home/julius/Dokumente/Uni/HPI/Jobs/GFZ/SacredTest && python bubble.py bubblesort_input_dataset.csv reversed 
{'name': 'array_file_path', 'value': 'bubblesort_input_dataset.csv'}
INFO - Bubble Sort - Completed after 0:00:01
