INFO - Bubble Sort - Running command 'bubbleSort'
INFO - Bubble Sort - Started run with ID "525"


Bubble Sort Test Experiment is running for 1 seconds!


Algorithm still working fine
False
Loss function:96
True
Algorithm still working fine
False
Loss function:93
True
Algorithm still working fine
False
Loss function:91
True
Algorithm still working fine
False
Loss function:90
True
[[2846, 4073, 4593, 5268, 7201, 7753, 10302, 11921, 13246, 14395, 14991, 17200, 17841, 21916, 22004, 22113, 23115, 23709, 24698, 26661, 27778, 27923, 28514, 29724, 29732, 30032, 30351, 30826, 30956, 31281, 34749, 34806, 35397, 36351, 40559, 40566, 41154, 41940, 42362, 43487, 43640, 46539, 47496, 49357, 49975, 53812, 54981, 57054, 58498, 59404, 61749, 66275, 68474, 69092, 69132, 70521, 70556, 70927, 71961, 72634, 74331, 75789, 77524, 79131, 79288, 79329, 79544, 80069, 80288, 83409, 83467, 83609, 83787, 86379, 87760, 88811, 90645, 91474, 91504, 92286, 94618, 95408, 95774, 96267, 96534, 100007, 100313, 100322, 100602, 100703, 100946, 101298, 101998, 103213, 103794, 105069, 108340, 108834, 109292, 111933, 112072, 112308, 116188, 116243, 116628, 117903, 119091, 119804, 120130, 120514, 120525, 121455, 122296, 124390, 126031, 126677, 127310, 128193, 128654, 131995, 132316, 132391, 134328, 134630, 135201, 135310, 136241, 136407, 140001, 140811, 142117, 142598, 142844, 143111, 143627, 143806, 145057, 145792, 146069, 148369, 149571, 151779, 152005, 152709, 152984, 154564, 154751, 154861, 155015, 156435, 156796, 156959, 157163, 157533, 157554, 157826, 159718, 161487, 161591, 161819, 163566, 164992, 165054, 165883, 166084, 167121, 169305, 169456, 169464, 169794, 172323, 175228, 175868, 178228, 179326, 179635, 180214, 180405, 181131, 181765, 183062, 183176, 183543, 183976, 184759, 185104, 185856, 186348, 189664, 190211, 192144, 193082, 193691, 194391, 195251, 195548, 195736, 197081, 198013, 198241, 199553, 199723, 201344, 205490, 207318, 207579, 208006, 208526, 209013, 209798, 210674, 211344, 212994, 213918, 214330, 215362, 215459, 218794, 218844, 219287, 219867, 220027, 220808, 221059, 221238, 222095, 223613, 223680, 225286, 225819, 228463, 230496, 231273, 233356, 235571, 235611, 236525, 236639, 236659, 238108, 239657, 240710, 240852, 241229, 244066, 244684, 245822, 246890, 248563, 248830, 249102, 249816, 250232, 250605, 251525, 252213, 252728, 253201, 254776, 256992, 258066, 258195, 258675, 259749, 259851, 260020, 261547, 262151, 264333, 264367, 264627, 264944, 265981, 266314, 269183, 269291, 272284, 273290, 274623, 275007, 279523, 280200, 280806, 283331, 285647, 285701, 286320, 287167, 289160, 290031, 291583, 293221, 293432, 294052, 294263, 294545, 294933, 296468, 297423, 297457, 297753, 299203, 300413, 301551, 301876, 302358, 302561, 302718, 303055, 303430, 303593, 305029, 307004, 308387, 308949, 310362, 310847, 311721, 311901, 313300, 313410, 314179, 314531, 315434, 317295, 317867, 318018, 324078, 324366, 326479, 329614, 334987, 335334, 335707, 336253, 336987, 337954, 338356, 339711, 340464, 341916, 342989, 343174, 344389, 345491, 346253, 347110, 348029, 350621, 351188, 353680, 355164, 355716, 357740, 358546, 358651, 359149, 359200, 359891, 363112, 363399, 363858, 363997, 364739, 365757, 366167, 367398, 368215, 368561, 372128, 372306, 372922, 373173, 373244, 374147, 375020, 376606, 377288, 377650, 377881, 378744, 379010, 379160, 382384, 384750, 385233, 386507, 387775, 390589, 390879, 391300, 392337, 392765, 394125, 395037, 396598, 397147, 397824, 399776, 402403, 402501, 403160, 403945, 405055, 405489, 405756, 406245, 406929, 407248, 407413, 408279, 409161, 409876, 411951, 412286, 412335, 412736, 412767, 413521, 413999, 414613, 415182, 416038, 417048, 417336, 417682, 418748, 419434, 420319, 420726, 421243, 421825, 425629, 427530, 427845, 430193, 430874, 430969, 432045, 432619, 432721, 433452, 435755, 436523, 437556, 437845, 439767, 442752, 443126, 443228, 443260, 443919, 444877, 444978, 445306, 445349, 446331, 446491, 447442, 447447, 447458, 447796, 448557, 450210, 452348, 453220, 453562, 453565, 455044, 455959, 456566, 456621, 457596, 459342, 462955, 463293, 463448, 463740, 465053, 466293, 466718, 469086, 469101, 474570, 475662, 476297, 477964, 478084, 479414, 479443, 479769, 480906, 481474, 481750, 482326, 482923, 485949, 487832, 488092, 488844, 489194, 491953, 491957, 493655, 495831, 496187, 496353, 496869, 497216, 498485, 501151, 501876, 505054, 506098, 506165, 508190, 508446, 509339, 513326, 513635, 514047, 515027, 515321, 515580, 517924, 520049, 520052, 520639, 521053, 521885, 523331, 524185, 524381, 525702, 526378, 527932, 528574, 528714, 529146, 530479, 531152, 531285, 531673, 532027, 532932, 533348, 533466, 534481, 535962, 537541, 537760, 539149, 541929, 542104, 542914, 543122, 543347, 544397, 546731, 547371, 547481, 549978, 550161, 553139, 554438, 554512, 555079, 555401, 556744, 557636, 558607, 559061, 559301, 559668, 560052, 560292, 560695, 562016, 562797, 564261, 564841, 565108, 565308, 565337, 568306, 568506, 569542, 570160, 571481, 572017, 576416, 578006, 579929, 580677, 581825, 583032, 584477, 584784, 586320, 587290, 587499, 589231, 589493, 591347, 594116, 595466, 595577, 595990, 596320, 596753, 597411, 597550, 597636, 600827, 601704, 601780, 602005, 603855, 604242, 607391, 609207, 609378, 613806, 613931, 618370, 618526, 619499, 619535, 620092, 624113, 624168, 624194, 624252, 626430, 626578, 626975, 627857, 628062, 628066, 628435, 628900, 631504, 631966, 633210, 633324, 633699, 634455, 636981, 638150, 639763, 642201, 642300, 644395, 647002, 648037, 652308, 652999, 653606, 654307, 654510, 654597, 656849, 657172, 659830, 660688, 661252, 661792, 664834, 665623, 665694, 665865, 668515, 668932, 669344, 670425, 670972, 671851, 672022, 672245, 673915, 674771, 675806, 675900, 676769, 676909, 677875, 679900, 679980, 680187, 680390, 680947, 682197, 683283, 685966, 686341, 686380, 687451, 688058, 688634, 689798, 691586, 692410, 694299, 694669, 694798, 696848, 697833, 698283, 698334, 698618, 698819, 698986, 699306, 699936, 701435, 702142, 702221, 704040, 704655, 704888, 705285, 707843, 708176, 709471, 711941, 714726, 716178, 717917, 719079, 719709, 720198, 720630, 720976, 724058, 724515, 725526, 726210, 727189, 727252, 727516, 728989, 729007, 731892, 732156, 733083, 733352, 735143, 735537, 736450, 739102, 740971, 741002, 742545, 745539, 746295, 747006, 749456, 750855, 751341, 753407, 754086, 756329, 756497, 757668, 759261, 759837, 760142, 760442, 760871, 762616, 763015, 764963, 768538, 769683, 772615, 772986, 773423, 773492, 774502, 774503, 775716, 778500, 780101, 780447, 782125, 782877, 782973, 786096, 788386, 789211, 790058, 790123, 791866, 792852, 792992, 792997, 793147, 795014, 795188, 795296, 796842, 797044, 797115, 797371, 798187, 798660, 799513, 800059, 800481, 800491, 801029, 801261, 801404, 806310, 808592, 808858, 809437, 811250, 811705, 812933, 814298, 815145, 815403, 816056, 818635, 819125, 819218, 822378, 822644, 825870, 826041, 827406, 828528, 828879, 829043, 830743, 830883, 830976, 832684, 832923, 834644, 836127, 836525, 837602, 837613, 838433, 838436, 841351, 841406, 844349, 845777, 848150, 848294, 851773, 853852, 854425, 855373, 856646, 856694, 858304, 858501, 859761, 860488, 861109, 862980, 863008, 863519, 864602, 866001, 866311, 866868, 867003, 867415, 867461, 868639, 871550, 872285, 872434, 873075, 873919, 874763, 875754, 877196, 877268, 877714, 878963, 879044, 879814, 880930, 883186, 884284, 885485, 886898, 887714, 888234, 889243, 889455, 891055, 893664, 893989, 894680, 894901, 895926, 896169, 896872, 897752, 898283, 898665, 898970, 900394, 901343, 903443, 903880, 903888, 905842, 907008, 907706, 908193, 908893, 909128, 909654, 909984, 910916, 911478, 911637, 912169, 915925, 916552, 917358, 919701, 922019, 922227, 922574, 922825, 923462, 925528, 926088, 928310, 928494, 930164, 931479, 935052, 936025, 936824, 937499, 937512, 939176, 939696, 941001, 941470, 941817, 942253, 942342, 944559, 945627, 945738, 946049, 947824, 948973, 951007, 952886, 953643, 957636, 957753, 958359, 964728, 965036, 967069, 967989, 968935, 969177, 969784, 970275, 970419, 971571, 971761, 972218, 972735, 974532, 975261, 979687, 980851, 982419, 984002, 986078, 986695, 988037, 990205, 990323, 992617, 993803, 995090, 995384, 996626, 997590, 997979, 999162, 999361, 999547, 999994]]
False

Experiment: Bubble Sort Test Experiment

2
 cd /home/julius/Dokumente/Uni/HPI/Jobs/GFZ/SacredTest && python bubble.py bubblesort_input_dataset.csv reversed 
{'value': 'bubblesort_input_dataset.csv', 'name': 'array_file_path'}
INFO - Bubble Sort - Completed after 0:00:01
