INFO - Bubble Sort - Running command 'bubbleSort'
INFO - Bubble Sort - Started run with ID "538"


Bubble Sort Test Experiment is running for 1 seconds!


Algorithm still working fine
Loss function:
False
0
Loss function:96
Loss function:
True
1
96
1
Algorithm still working fine
Loss function:
False
2
Loss function:93
Loss function:
True
3
93
3
Algorithm still working fine
Loss function:
False
4
Loss function:91
Loss function:
True
5
91
5
Algorithm still working fine
Loss function:
False
6
Loss function:90
Loss function:
True
7
90
7
[[1580, 2395, 3761, 5765, 7440, 10108, 10386, 11474, 13487, 13923, 15624, 16747, 17045, 18183, 20663, 21520, 21540, 23241, 23908, 24136, 24149, 25492, 26316, 26890, 27700, 28030, 28305, 28690, 30125, 30693, 30809, 31400, 32791, 33325, 33714, 34544, 34822, 36195, 37183, 37610, 37790, 38182, 41486, 43861, 44343, 45809, 46712, 46739, 46992, 47518, 48408, 48605, 48794, 51049, 51343, 51471, 51599, 52820, 53150, 53820, 55610, 55934, 56777, 56988, 57777, 59705, 60264, 62119, 62400, 62880, 63356, 64522, 64580, 64637, 65502, 66456, 66877, 67177, 67642, 68331, 68451, 68978, 69840, 71132, 71391, 73279, 74360, 75295, 75720, 76247, 76330, 78324, 78733, 79748, 80412, 80767, 82028, 82644, 82844, 82947, 83573, 85002, 86260, 87832, 90197, 91169, 91316, 91435, 92936, 93385, 93849, 94344, 94525, 94930, 95860, 96246, 96268, 100704, 101689, 101817, 104852, 104985, 105805, 106546, 107149, 107184, 108206, 109233, 109818, 110057, 110267, 110977, 111767, 111780, 115436, 115859, 116985, 119416, 120589, 120673, 121423, 121552, 121665, 123145, 123300, 123787, 124715, 126386, 126861, 130711, 131084, 134340, 134349, 137781, 139030, 141548, 143163, 144241, 145078, 145240, 146135, 147514, 147808, 148562, 149992, 151852, 152271, 152861, 153433, 155209, 155332, 163993, 164589, 165123, 167082, 171109, 171231, 172373, 173291, 174248, 174582, 174591, 178484, 178639, 181446, 181861, 183510, 186250, 186458, 187380, 187505, 187741, 189598, 189654, 189797, 195759, 196475, 197154, 197240, 200093, 200143, 200677, 202128, 202135, 202824, 203940, 205198, 205517, 206884, 208777, 209282, 210039, 210389, 211138, 211995, 213792, 214333, 214368, 216037, 216156, 217835, 219245, 219805, 220978, 224904, 225294, 225657, 229211, 229983, 230021, 230468, 232099, 232652, 232796, 232808, 233247, 234727, 236602, 237179, 240596, 240662, 240876, 242902, 243065, 244678, 245009, 245956, 246748, 249097, 249528, 250858, 251984, 252679, 253581, 255231, 255688, 255809, 256655, 257745, 258205, 258673, 258871, 259878, 260239, 260348, 260529, 261733, 261872, 262872, 262920, 262945, 263581, 263969, 264354, 264741, 264822, 266109, 268661, 270686, 271236, 271311, 271503, 272850, 274144, 274225, 274549, 276058, 276078, 277409, 279463, 280901, 281042, 282093, 282731, 283629, 284478, 284856, 285735, 286150, 287752, 289081, 290357, 291755, 291976, 293232, 293831, 293970, 294040, 294215, 296893, 301842, 302597, 303347, 304535, 304676, 305585, 306311, 307066, 308563, 309743, 309892, 310991, 311197, 313149, 313160, 313229, 313407, 313730, 314260, 314939, 315037, 315047, 315119, 318931, 319139, 320671, 321483, 321632, 322001, 322872, 322941, 324244, 324360, 324557, 325042, 325060, 328099, 329126, 330429, 330961, 333679, 334109, 334783, 335145, 335863, 336751, 337859, 338026, 338362, 338916, 338981, 340448, 341018, 341783, 342868, 343129, 344068, 344124, 345152, 349918, 351647, 351791, 352028, 352674, 353198, 353701, 355273, 355749, 356852, 356919, 356995, 360330, 360890, 361560, 362358, 362713, 363124, 367200, 369634, 369685, 370027, 371801, 372039, 373075, 373341, 374089, 374615, 374855, 375312, 376337, 376531, 378434, 379049, 379366, 380004, 380784, 380994, 381310, 381945, 382583, 384089, 384354, 387390, 388058, 389130, 390324, 390722, 391713, 393519, 394948, 395190, 395322, 398216, 398246, 400301, 402783, 403950, 403968, 406224, 408010, 409854, 410332, 410477, 410641, 411680, 412042, 412176, 412765, 413741, 414392, 416098, 416745, 417062, 418905, 419495, 419878, 421438, 423375, 423581, 424527, 424850, 424873, 425056, 428270, 428446, 429665, 433434, 433674, 434361, 437124, 438495, 440818, 442241, 443758, 444725, 444837, 444894, 447299, 450039, 450760, 451701, 455192, 456599, 460309, 460768, 460800, 464158, 465458, 465510, 465570, 465986, 466518, 469705, 470803, 472312, 472326, 472788, 473034, 477754, 478263, 479115, 481255, 484673, 486595, 486750, 486849, 489440, 489567, 489618, 489942, 490735, 491064, 492062, 492602, 492666, 493428, 493511, 496894, 497921, 498297, 499114, 499348, 500581, 501430, 502973, 503038, 503678, 503965, 504914, 506877, 508099, 508216, 509050, 509259, 510415, 511968, 512894, 513075, 513382, 513767, 513783, 514062, 515004, 515109, 521326, 521942, 522206, 523287, 524625, 526212, 526863, 529569, 530637, 530789, 530827, 531611, 532318, 536186, 536569, 538716, 540259, 542822, 544022, 546370, 547306, 547691, 549379, 550990, 551032, 551453, 553440, 558650, 559295, 559765, 560285, 561279, 561451, 562727, 565344, 565535, 568780, 571963, 572503, 574229, 574673, 575227, 581841, 582193, 582199, 582340, 582792, 583625, 584815, 586455, 586743, 587204, 587963, 589269, 589440, 590483, 592712, 593185, 594403, 594487, 594837, 595797, 597356, 598039, 599040, 599365, 602218, 603480, 603838, 605214, 606342, 607083, 607332, 609381, 609388, 609825, 610547, 611061, 611670, 612045, 613225, 614804, 616461, 616658, 617441, 617791, 618268, 620527, 620706, 621455, 622096, 622324, 622756, 622965, 623589, 625371, 625734, 626148, 626685, 626953, 627599, 628385, 628439, 629001, 629286, 629640, 629719, 629741, 630582, 631738, 631927, 632437, 633263, 633741, 634390, 634638, 634825, 635383, 636780, 637026, 638030, 638640, 638757, 640201, 640763, 640899, 643989, 644426, 647818, 647885, 647886, 648780, 649863, 650227, 650383, 653274, 653567, 653708, 655434, 655802, 656930, 657516, 659091, 659324, 659347, 660511, 662124, 662823, 664945, 665161, 665166, 667611, 667927, 667945, 670505, 672209, 672239, 672995, 674660, 675329, 675361, 676115, 676817, 680847, 682118, 683155, 683874, 683882, 685204, 685524, 687012, 688250, 688545, 689330, 695646, 697051, 699702, 701292, 701750, 701895, 702757, 704428, 704888, 706191, 706316, 707005, 707098, 707999, 709349, 710363, 711217, 711644, 712698, 713115, 714272, 714465, 714907, 718649, 722400, 723338, 724052, 724520, 724872, 725050, 725605, 727426, 727883, 728401, 729192, 732081, 732361, 733019, 736174, 736965, 738117, 738770, 740121, 740560, 741708, 745321, 747549, 747702, 748042, 749712, 750025, 750194, 750251, 751350, 751813, 752124, 752342, 753297, 755962, 756141, 756675, 756770, 758027, 761953, 762937, 763849, 764044, 766564, 766668, 767074, 767129, 768484, 768758, 771592, 771605, 773360, 774007, 776697, 776771, 778240, 778638, 779680, 780013, 780073, 780984, 782851, 783107, 783788, 783890, 784623, 787367, 788671, 788733, 789010, 790953, 791207, 791897, 792711, 794649, 799213, 801830, 802278, 802847, 802993, 803047, 803918, 804438, 806819, 806946, 812085, 812324, 813073, 816407, 817113, 817287, 817672, 817701, 818074, 820167, 821363, 821556, 822458, 822658, 823596, 824419, 824460, 825169, 826640, 827295, 828556, 830295, 830510, 830801, 831404, 831499, 832631, 834463, 835290, 836620, 836915, 837241, 837952, 838565, 839464, 843369, 844572, 846115, 846827, 847390, 849216, 850744, 852483, 856648, 857984, 858106, 859245, 860093, 861102, 861489, 861571, 861610, 862351, 862952, 863473, 864578, 864608, 864818, 867949, 868145, 868723, 870210, 870614, 871604, 872021, 872137, 872547, 872787, 872795, 872947, 873095, 877547, 879848, 883199, 888731, 889741, 890824, 892221, 894719, 895310, 895739, 896536, 896921, 898314, 898795, 899164, 900197, 901153, 903629, 905872, 906130, 906860, 907712, 909756, 912329, 912794, 912909, 913513, 913921, 915734, 918095, 919869, 920499, 921352, 921797, 924146, 924264, 925802, 927197, 927240, 927262, 927692, 928654, 929045, 929162, 932544, 934506, 934954, 938284, 938926, 939525, 941185, 941801, 942101, 945042, 945830, 948585, 948640, 948873, 949923, 950399, 952056, 952187, 953982, 955469, 956965, 957002, 957181, 957322, 957628, 957890, 960543, 964659, 964891, 967329, 968061, 969162, 971507, 973405, 974218, 976762, 977896, 978733, 978783, 979214, 979229, 979291, 979503, 981095, 981557, 981974, 982561, 983964, 984619, 985420, 988312, 988489, 989176, 990053, 991434, 994295, 994836, 994897, 994971, 995480, 995637, 995656, 996575, 996880, 997123, 997201, 998105, 999021]]
Loss function:
False
8

Experiment: Bubble Sort Test Experiment

2
 cd /home/julius/Dokumente/Uni/HPI/Jobs/GFZ/SacredTest && python bubble.py bubblesort_input_dataset.csv reversed 
{'name': 'array_file_path', 'value': 'bubblesort_input_dataset.csv'}
INFO - Bubble Sort - Completed after 0:00:01
