INFO - Bubble Sort - Running command 'bubbleSort'
INFO - Bubble Sort - Started run with ID "516"


Bubble Sort Test Experiment is running for 2 seconds!


Algorithm still working fine

96
Loss function:96

96
Algorithm still working fine

96
Loss function:93

96
Algorithm still working fine

96
Loss function:91

96
Algorithm still working fine

96
Loss function:90

96
[[287, 391, 1108, 1327, 1948, 2753, 4592, 5279, 6064, 6131, 6442, 6540, 7153, 8033, 8390, 9450, 10107, 10425, 11004, 11632, 14667, 15855, 15904, 17062, 19416, 20892, 21206, 21390, 22502, 22599, 22715, 23448, 25468, 25605, 25902, 26025, 26560, 29738, 33325, 33519, 33767, 38094, 38137, 38470, 44340, 45829, 45969, 46472, 46565, 46985, 47449, 47980, 48243, 52283, 52960, 55338, 55660, 56052, 56901, 61554, 61950, 62106, 62953, 64473, 64942, 65177, 67184, 67637, 68614, 71004, 71144, 71208, 71677, 71747, 73174, 75235, 75509, 75603, 76293, 77038, 77352, 79485, 79704, 80992, 81883, 82067, 82299, 82642, 85818, 85856, 85909, 86830, 86933, 87356, 87403, 87536, 89037, 89439, 90642, 93706, 95092, 95693, 96714, 98051, 98518, 99293, 100880, 101075, 101563, 103276, 104462, 105491, 106385, 107234, 108003, 109370, 109515, 110538, 111112, 111468, 111512, 112788, 115504, 117245, 118729, 121607, 121769, 122172, 122993, 125634, 127219, 127968, 128749, 128866, 129389, 130971, 130998, 131265, 131569, 132238, 133461, 135066, 135354, 135901, 136824, 138410, 139410, 139603, 139916, 141213, 141349, 143013, 143030, 143951, 144604, 144921, 145466, 145775, 145924, 147093, 147285, 147635, 149255, 149396, 150455, 150506, 152208, 152334, 154269, 156469, 157363, 160884, 161127, 161683, 163420, 163476, 163631, 164523, 164790, 165218, 166284, 166424, 166643, 166981, 169128, 170420, 171685, 172239, 173462, 176372, 177996, 178474, 180743, 181874, 182317, 183069, 183352, 184407, 185950, 186476, 187241, 187635, 189299, 189812, 193081, 194114, 194716, 196410, 197147, 198091, 198861, 199915, 200164, 202453, 202623, 202718, 202791, 203675, 205617, 205754, 206002, 207170, 207839, 209127, 209157, 209609, 210249, 210636, 210852, 211956, 212606, 212955, 212980, 213080, 214433, 216407, 216736, 217560, 218122, 220754, 223779, 223867, 224157, 224409, 226393, 227022, 228489, 229385, 229934, 230514, 232362, 234554, 234568, 235819, 236230, 237218, 239067, 239559, 240937, 242120, 245975, 247038, 247687, 247832, 247953, 248509, 249950, 251131, 253320, 258801, 259400, 259903, 260153, 260513, 262701, 262710, 264994, 265684, 266218, 266464, 267229, 268677, 268680, 270749, 271830, 272846, 273417, 273903, 274943, 276086, 276653, 280172, 281493, 282893, 284620, 286313, 286999, 287638, 287700, 287955, 289353, 289890, 292734, 293583, 295332, 295333, 296127, 296240, 296588, 298313, 302183, 302765, 303508, 305186, 305221, 308153, 308907, 308913, 309673, 310412, 310462, 311407, 312360, 312642, 312980, 313247, 313458, 313606, 314348, 314525, 315255, 317492, 317556, 318578, 318638, 319090, 319909, 320753, 321190, 321299, 321967, 322479, 323111, 323393, 324731, 326196, 326980, 327160, 329538, 330145, 334485, 338190, 338713, 340122, 341060, 341806, 342006, 343893, 345549, 346089, 346875, 346889, 346953, 347168, 347276, 348136, 348931, 348937, 348970, 351469, 352940, 353713, 354011, 354021, 354189, 354675, 355316, 355816, 357441, 358781, 360434, 360539, 360572, 360813, 363051, 364791, 365009, 365036, 365470, 366196, 367433, 368322, 370321, 371093, 372635, 374349, 374996, 375304, 375343, 375404, 376868, 377331, 377588, 379986, 383161, 383430, 384074, 385555, 386474, 387540, 388012, 388085, 388277, 389121, 392091, 394119, 395378, 395438, 397667, 398600, 399182, 399544, 400220, 401336, 401442, 401700, 401973, 402364, 403339, 407110, 408281, 408858, 408979, 410442, 411497, 411638, 412541, 413455, 413775, 414319, 414657, 414884, 415475, 419910, 419916, 420148, 423504, 423862, 424540, 424915, 426037, 428170, 428648, 428701, 430768, 430910, 431017, 432300, 433417, 436023, 436325, 436662, 437564, 438055, 439170, 439754, 440369, 441067, 441728, 441971, 443360, 444783, 445812, 446442, 447119, 448491, 449103, 449167, 449177, 449249, 449490, 450027, 451338, 451748, 452027, 453686, 454794, 458016, 458842, 460499, 461966, 462400, 462577, 464268, 464761, 464915, 467046, 468304, 468734, 469668, 471936, 472845, 473158, 474850, 474939, 475791, 477752, 478016, 478354, 482006, 482208, 482947, 483443, 483568, 485266, 487263, 489361, 489451, 490024, 490274, 490552, 491751, 492212, 492550, 494094, 494414, 495550, 496536, 500142, 502427, 503243, 506313, 507273, 508807, 510113, 514347, 515552, 516660, 516999, 517455, 517889, 518132, 518190, 518729, 521692, 521918, 522179, 526854, 529824, 536791, 536929, 537144, 538079, 538767, 540105, 541892, 543142, 543316, 545028, 545174, 546864, 548323, 549735, 549930, 551880, 552576, 553512, 553930, 554973, 557965, 558534, 558901, 560041, 561468, 561488, 561603, 562622, 563109, 564211, 565606, 566679, 567111, 567390, 567873, 570588, 570806, 571413, 571840, 573258, 573558, 580348, 580776, 581532, 582235, 582524, 583454, 583793, 583795, 584179, 585292, 585645, 586414, 586714, 588022, 588145, 589992, 590919, 592577, 596374, 596461, 596504, 597174, 597444, 600794, 601208, 603175, 604319, 606730, 608785, 610003, 612453, 613551, 614152, 614665, 614943, 615114, 615422, 616073, 616241, 619461, 619831, 620005, 621876, 622018, 623523, 624786, 628231, 628455, 629993, 631340, 633513, 635822, 635996, 639394, 639501, 639581, 639761, 641238, 641284, 642724, 642982, 643060, 643200, 643678, 643944, 644295, 644635, 645144, 645268, 648175, 648565, 649465, 650517, 653033, 653450, 653579, 654780, 654833, 656498, 656555, 656873, 656897, 657007, 658315, 658321, 659705, 660418, 661396, 665436, 667331, 667458, 668718, 669190, 669697, 670313, 671043, 671852, 672212, 672896, 673091, 673131, 673403, 674998, 675137, 677006, 677155, 681383, 682045, 683046, 684324, 684884, 685796, 686206, 686343, 688687, 689127, 692238, 693078, 693122, 693298, 696225, 697396, 698531, 701103, 701741, 706718, 707038, 707061, 707725, 708539, 708780, 710404, 710599, 711505, 711884, 714384, 717167, 719906, 720749, 720929, 721391, 723348, 723748, 726074, 726442, 729554, 729872, 734583, 735676, 738119, 739283, 739752, 742989, 745086, 745643, 746890, 747049, 747900, 748048, 748213, 748591, 748954, 750000, 750737, 752732, 754091, 755637, 759601, 760883, 761114, 761568, 761623, 762676, 765244, 766238, 766824, 766988, 767818, 770262, 772208, 773104, 775110, 775346, 778193, 780615, 780720, 781429, 782841, 784441, 784693, 784802, 784864, 787154, 787859, 788003, 788812, 789017, 790098, 793268, 793627, 793756, 793831, 794611, 796219, 797981, 798781, 800723, 800738, 803183, 803402, 803787, 805070, 805413, 805702, 805731, 806099, 807800, 807837, 808422, 809889, 810693, 812190, 813505, 814417, 814453, 815378, 815512, 816793, 816865, 817931, 818222, 819356, 820193, 820374, 820395, 820605, 822182, 823146, 823262, 824457, 825156, 825162, 826487, 826558, 827685, 828652, 831620, 832924, 834070, 834366, 836777, 838490, 839353, 839704, 839857, 843310, 844332, 845066, 845658, 846312, 847267, 849256, 849262, 849581, 849997, 850493, 850869, 851390, 855646, 855837, 856248, 856671, 858973, 859021, 860139, 860165, 861840, 862352, 862545, 862821, 865244, 866748, 867801, 871202, 873840, 874415, 876499, 877323, 879421, 879756, 881970, 882139, 883158, 884113, 884653, 885863, 885950, 886804, 887235, 887797, 887848, 889710, 891032, 894109, 894961, 896859, 897290, 897345, 897596, 897796, 898772, 899409, 901209, 903281, 903676, 907481, 907672, 909734, 909849, 909961, 910052, 910217, 912999, 913215, 913387, 914857, 914976, 915018, 916515, 917506, 918541, 920168, 920450, 920947, 922199, 922455, 923635, 923699, 924602, 925233, 930720, 930979, 931320, 932458, 936116, 937559, 943339, 943874, 945702, 946256, 946356, 946758, 948246, 948737, 948933, 950584, 953303, 953465, 954479, 956472, 957156, 957822, 959698, 961287, 961340, 961568, 961899, 963761, 964931, 965005, 965336, 967592, 968658, 969407, 969739, 970581, 971907, 972047, 972409, 973031, 973366, 973559, 975002, 976941, 977068, 978030, 978118, 979724, 980590, 983503, 984032, 984958, 985896, 986173, 986551, 987006, 987055, 987987, 988318, 989412, 989674, 992320, 992351, 994498, 994753, 995733, 996701, 998689, 999745, 999897]]

96

Experiment: Bubble Sort Test Experiment

2
 cd /home/julius/Dokumente/Uni/HPI/Jobs/GFZ/SacredTest && python bubble.py bubblesort_input_dataset.csv reversed 
{'name': 'array_file_path', 'value': 'bubblesort_input_dataset.csv'}
INFO - Bubble Sort - Completed after 0:00:01
