INFO - Bubble Sort - Running command 'bubbleSort'
INFO - Bubble Sort - Started run with ID "527"


Bubble Sort Test Experiment is running for 2 seconds!


Algorithm still working fine
Loss function:
False
Loss function:96
Loss function:
True
Algorithm still working fine
Loss function:
False
Loss function:93
Loss function:
True
Algorithm still working fine
Loss function:
False
Loss function:91
Loss function:
True
Algorithm still working fine
Loss function:
False
Loss function:90
Loss function:
True
[[850, 1265, 3812, 4467, 8259, 12159, 12770, 12857, 16574, 17524, 19100, 19406, 19673, 19942, 22365, 23247, 23555, 23826, 24671, 25447, 27662, 27746, 27757, 30813, 31271, 32186, 33074, 33398, 33539, 37178, 38244, 38821, 39196, 42483, 42632, 43447, 44684, 46716, 47501, 49814, 49852, 50029, 50289, 50845, 51405, 51591, 56149, 56268, 56311, 58967, 59469, 59629, 59667, 59746, 59991, 60123, 61528, 61608, 61819, 62270, 63509, 63881, 64290, 65215, 65895, 66665, 68393, 68403, 69742, 70115, 70320, 73869, 74341, 75720, 76415, 81662, 81821, 83174, 84704, 84835, 86728, 87405, 88326, 89049, 89530, 90137, 91115, 91598, 91665, 92260, 93148, 93471, 93636, 95349, 95532, 95778, 96681, 97699, 99529, 99659, 99731, 101995, 102830, 103965, 104063, 104702, 105190, 106481, 107949, 108276, 108351, 108738, 108964, 109623, 112964, 115254, 115273, 115810, 116948, 118033, 118509, 119169, 119273, 121082, 122133, 123415, 123537, 123570, 123941, 125783, 125975, 127369, 131897, 132305, 132322, 132433, 132551, 132594, 133493, 133903, 134333, 135249, 136484, 137746, 139893, 140196, 140309, 140480, 143297, 144009, 144518, 144520, 145048, 146909, 147326, 149223, 149225, 150280, 150707, 151495, 151655, 152683, 152861, 154920, 155741, 156162, 156697, 156755, 158789, 158981, 160672, 162100, 164288, 164694, 165841, 167053, 168582, 171070, 171422, 172360, 173280, 173428, 173463, 173628, 177574, 177641, 177945, 178647, 179000, 181560, 183010, 186139, 186771, 187418, 188073, 188556, 188606, 191077, 191578, 191906, 193156, 194663, 194934, 195562, 198814, 200818, 201315, 202949, 203692, 203975, 204094, 205791, 206435, 207869, 208801, 209110, 209231, 209979, 210187, 211196, 212224, 212561, 212786, 219855, 220020, 220341, 222848, 223471, 223702, 223934, 224237, 224311, 228094, 228636, 228695, 229030, 230194, 232590, 233887, 234894, 237807, 238004, 238185, 238214, 240546, 240794, 240976, 240980, 242106, 242935, 245243, 245341, 246304, 246974, 247145, 247334, 247728, 249809, 251205, 253389, 255844, 256594, 259283, 259472, 259819, 262407, 263789, 264994, 265511, 265530, 266354, 266616, 266709, 267495, 267770, 269132, 271233, 271951, 272034, 272750, 273768, 273981, 275171, 275484, 275528, 276538, 276680, 276883, 277378, 277817, 278959, 280836, 284294, 284365, 284376, 288658, 290663, 292448, 292941, 293382, 293621, 293981, 294641, 295805, 296069, 297732, 298222, 298989, 299380, 300116, 300740, 301016, 301691, 302052, 302597, 305843, 306093, 306376, 307003, 308274, 309913, 311704, 313748, 313907, 315530, 321528, 324433, 326657, 327120, 328895, 329243, 331997, 332260, 335614, 336105, 336684, 337101, 337353, 340049, 340162, 342282, 343959, 344267, 344568, 346442, 348558, 349173, 349747, 350815, 350899, 351034, 351861, 353449, 353685, 354917, 355199, 355317, 357008, 360180, 360914, 362601, 363365, 364130, 364830, 365197, 365234, 365357, 365858, 365874, 366303, 368548, 369204, 374523, 375175, 376799, 376902, 377113, 380487, 380768, 381065, 381491, 382844, 383902, 384121, 384472, 384648, 385988, 385993, 387413, 388369, 388388, 388649, 388968, 389025, 389894, 390559, 391388, 391850, 392547, 393112, 393191, 393324, 394207, 395548, 395941, 396267, 396765, 397497, 397958, 398614, 399683, 399713, 400572, 400611, 401112, 401166, 402013, 402656, 406234, 408377, 409160, 409443, 409758, 410448, 410680, 410966, 410976, 411828, 412118, 413358, 414647, 415612, 415775, 416034, 416216, 417405, 418207, 418638, 422134, 423591, 424290, 425884, 426762, 427637, 430377, 430492, 430616, 430667, 431884, 435036, 436438, 436980, 437648, 438295, 440006, 444053, 445393, 446213, 446434, 448090, 448641, 449107, 450607, 450921, 451288, 452567, 452869, 453189, 453406, 454444, 456345, 456385, 458097, 459369, 460087, 460606, 461121, 461323, 462416, 464038, 464304, 465119, 465343, 465627, 465931, 466970, 467840, 468802, 469782, 473282, 475449, 475595, 476540, 478983, 479595, 481198, 483040, 483241, 483367, 484651, 485017, 485290, 486944, 487918, 489834, 490356, 490420, 493216, 495820, 496176, 496974, 498035, 499451, 499841, 502560, 503073, 505941, 506209, 506387, 507046, 507588, 507604, 510137, 510165, 510256, 510281, 510512, 512038, 514082, 515017, 515634, 515645, 516140, 516280, 516327, 516802, 517689, 522023, 523540, 525237, 526774, 527807, 528826, 530352, 530539, 534296, 536058, 536110, 536350, 536752, 538246, 538541, 539338, 539509, 539733, 541694, 542171, 542638, 543129, 543723, 544162, 545929, 546610, 547874, 549503, 549593, 552231, 553045, 555240, 556319, 556559, 557209, 558054, 558912, 560471, 562713, 562732, 562796, 563042, 563327, 563843, 564252, 565542, 565576, 566760, 567066, 568884, 569155, 569391, 569569, 572623, 573308, 574714, 575253, 577289, 577744, 577812, 581591, 581649, 582139, 582693, 584200, 584915, 585004, 585015, 589675, 590220, 594614, 595476, 601094, 601275, 601389, 601924, 602042, 604630, 606874, 613347, 613647, 614247, 614542, 614986, 615717, 616703, 617850, 617968, 618769, 619032, 619919, 620007, 621890, 622224, 622239, 622837, 623060, 623149, 623292, 623571, 623644, 624465, 624735, 625357, 625423, 626666, 627383, 628159, 628972, 629752, 630641, 630789, 631660, 633736, 635028, 635141, 635570, 638239, 640207, 641226, 641236, 642295, 644389, 644451, 645218, 645707, 646261, 647133, 647277, 647439, 648875, 650738, 653806, 655289, 655898, 656193, 656478, 656860, 657211, 657465, 658782, 660167, 661374, 662784, 668295, 668381, 669663, 670412, 671004, 671695, 672826, 674561, 674961, 675030, 676405, 677026, 678574, 678701, 679486, 680085, 680436, 681723, 682461, 682506, 682594, 683695, 687410, 687972, 688142, 690695, 691240, 692506, 693492, 694286, 694882, 694893, 696061, 697048, 697655, 697817, 698706, 702836, 705745, 706380, 707045, 709196, 714247, 715393, 716198, 716321, 717126, 717155, 718496, 718997, 719534, 719794, 719850, 722280, 723204, 723333, 724063, 724328, 725514, 726844, 727502, 727842, 730308, 730647, 732324, 734128, 734495, 735196, 735991, 738031, 739365, 739473, 744194, 744555, 746353, 746382, 747756, 747825, 749544, 751656, 751682, 752167, 752664, 753482, 756063, 757790, 760465, 763255, 764115, 765687, 768127, 768325, 772510, 772761, 773366, 773548, 774492, 776806, 777013, 777966, 778362, 781090, 781268, 782232, 782449, 784638, 785501, 787608, 787754, 787868, 790352, 790587, 792416, 793412, 793678, 795208, 795382, 796477, 797923, 798420, 798856, 799101, 799355, 799545, 801166, 802638, 803072, 803448, 804942, 805071, 805533, 805957, 808431, 808439, 808681, 809754, 811205, 812170, 813421, 814649, 814885, 814989, 815262, 817344, 819142, 819942, 820630, 821207, 821461, 821770, 824443, 824600, 825181, 825481, 827323, 828468, 828906, 831319, 832436, 833250, 833361, 834305, 834612, 835193, 835196, 836891, 838141, 841160, 841588, 842655, 842862, 843928, 844042, 844235, 844814, 845959, 847263, 849632, 850004, 850534, 850687, 850878, 850980, 853510, 854253, 858754, 860206, 861943, 862940, 862989, 863642, 863734, 863976, 864134, 864139, 866406, 867386, 867895, 868478, 870870, 871664, 871703, 877241, 877546, 878375, 878466, 878644, 878963, 880242, 880530, 880608, 881621, 882511, 885451, 885764, 886398, 886513, 890406, 890521, 891643, 894718, 895985, 896231, 897311, 897423, 899034, 899441, 899870, 900126, 904022, 904827, 906161, 907679, 908961, 910615, 913294, 914115, 915212, 917390, 919028, 919593, 921231, 921432, 922596, 923843, 928427, 928448, 928804, 928950, 929218, 930307, 932888, 932924, 932996, 933023, 933661, 935693, 935811, 936136, 936346, 941174, 942500, 943333, 943533, 944116, 944211, 944914, 946438, 947664, 948112, 949457, 950091, 953229, 955003, 955497, 956079, 956328, 958600, 959302, 960241, 965420, 967115, 967477, 967781, 969250, 970681, 971101, 972055, 972504, 972542, 972907, 973146, 973250, 974361, 974739, 974761, 974897, 976197, 976356, 977284, 979316, 979741, 980008, 980355, 980724, 985019, 985181, 987254, 988348, 988477, 989442, 991642, 992427, 994700, 994837, 995119, 995911, 998534, 999796]]
Loss function:
False

Experiment: Bubble Sort Test Experiment

2
 cd /home/julius/Dokumente/Uni/HPI/Jobs/GFZ/SacredTest && python bubble.py bubblesort_input_dataset.csv reversed 
{'value': 'bubblesort_input_dataset.csv', 'name': 'array_file_path'}
INFO - Bubble Sort - Completed after 0:00:01
